2.08,0.0
0.97,0.0
-0.14,0.0
-1.24,0.0
-2.35,0.0
-3.46,0.0
-4.56,0.0
-5.67,0.0
-2.81,56.0
-0.51,193.0
3.7,316.0
6.33,390.0
7.49,418.0
8.16,381.0
7.85,300.0
6.99,174.0
5.38,28.0
2.73,0.0
1.05,0.0
-0.52,0.0
-0.44,0.0
-0.6,0.0
-0.49,0.0
-0.6,0.0
-0.5,0.0
-0.35,0.0
-0.58,0.0
-0.81,0.0
-0.82,0.0
-0.66,0.0
-0.76,0.0
-1.52,0.0
-1.36,44.0
1.24,126.0
4.38,280.0
7.75,362.0
9.54,405.0
9.74,316.0
8.96,267.0
8.34,156.0
6.75,26.0
4.65,0.0
3.28,0.0
1.49,0.0
1.02,0.0
0.65,0.0
0.41,0.0
0.32,0.0
0.17,0.0
0.17,0.0
0.26,0.0
0.28,0.0
0.33,0.0
0.45,0.0
0.45,0.0
0.64,0.0
0.93,52.0
3.16,185.0
6.87,274.0
10.92,372.0
12.58,402.0
13.01,365.0
12.8,287.0
12.1,165.0
10.57,28.0
8.55,0.0
7.04,0.0
5.6,0.0
5.18,0.0
4.87,0.0
5.22,0.0
5.19,0.0
5.21,0.0
5.36,0.0
5.65,0.0
5.97,0.0
5.85,0.0
6.4,0.0
6.22,0.0
6.49,0.0
5.35,41.0
6.58,130.0
8.59,215.0
10.3,275.0
10.56,294.0
10.95,321.0
11.12,121.0
10.65,107.0
9.79,20.0
8.74,0.0
8.16,0.0
8.41,0.0
7.78,0.0
7.41,0.0
7.34,0.0
7.18,0.0
6.48,0.0
6.07,0.0
5.68,0.0
5.47,0.0
5.37,0.0
5.51,0.0
5.56,0.0
3.88,0.0
3.8,55.0
4.57,193.0
8.61,310.0
11.03,382.0
12.01,410.0
12.69,375.0
12.88,297.0
12.45,174.0
11.28,34.0
9.24,0.0
7.78,0.0
5.81,0.0
4.64,0.0
4.0,0.0
3.28,0.0
2.54,0.0
2.03,0.0
2.0,0.0
2.15,0.0
2.21,0.0
2.23,0.0
2.37,0.0
2.75,0.0
3.08,0.0
3.64,29.0
4.69,59.0
7.61,136.0
8.53,210.0
8.73,217.0
8.87,182.0
8.62,164.0
8.57,86.0
8.11,7.0
6.99,0.0
6.57,0.0
6.96,0.0
6.2,0.0
5.78,0.0
5.56,0.0
5.14,0.0
4.75,0.0
4.16,0.0
3.66,0.0
3.17,0.0
2.97,0.0
3.19,0.0
3.39,0.0
4.52,0.0
4.5,37.0
5.1,117.0
6.84,285.0
7.54,383.0
8.32,415.0
9.21,372.0
9.43,302.0
9.0,181.0
8.2,37.0
7.51,0.0
6.73,0.0
4.75,0.0
3.12,0.0
2.04,0.0
1.44,0.0
1.25,0.0
0.81,0.0
0.72,0.0
0.34,0.0
0.08,0.0
-0.04,0.0
-1.28,0.0
-1.36,0.0
-1.25,0.0
-0.85,54.0
1.73,203.0
6.73,312.0
10.22,389.0
11.52,429.0
12.14,377.0
12.3,125.0
11.69,102.0
10.57,34.0
8.85,0.0
7.97,0.0
7.06,0.0
5.98,0.0
5.91,0.0
6.01,0.0
6.44,0.0
6.85,0.0
5.85,0.0
4.59,0.0
3.37,0.0
2.39,0.0
1.92,0.0
2.41,0.0
2.01,0.0
2.14,54.0
4.43,193.0
9.89,306.0
13.17,381.0
14.34,332.0
14.45,376.0
14.09,288.0
13.62,175.0
12.71,44.0
10.97,0.0
9.11,0.0
8.85,0.0
7.86,0.0
7.35,0.0
7.2,0.0
6.93,0.0
6.65,0.0
6.3,0.0
5.89,0.0
5.15,0.0
4.56,0.0
3.76,0.0
3.53,0.0
3.71,0.0
3.64,38.0
6.63,126.0
11.38,219.0
13.85,200.0
14.5,210.0
14.24,151.0
13.76,89.0
12.81,76.0
11.44,24.0
10.1,0.0
9.33,0.0
8.69,0.0
7.84,0.0
7.36,0.0
6.75,0.0
6.12,0.0
5.61,0.0
5.56,0.0
5.41,0.0
6.01,0.0
6.91,0.0
7.61,0.0
7.81,0.0
8.04,0.0
7.14,7.0
7.52,106.0
7.35,186.0
6.95,180.0
7.19,402.0
7.33,271.0
7.23,174.0
7.36,171.0
7.35,51.0
6.9,0.0
4.91,0.0
3.25,0.0
1.79,0.0
1.12,0.0
1.01,0.0
0.88,0.0
0.82,0.0
0.75,0.0
0.66,0.0
0.8,0.0
1.0,0.0
0.99,0.0
0.94,0.0
1.03,0.0
1.26,62.0
3.4,205.0
7.01,330.0
11.62,406.0
13.65,440.0
14.31,406.0
14.36,328.0
13.82,202.0
12.39,55.0
9.96,0.0
7.87,0.0
7.11,0.0
6.72,0.0
6.39,0.0
6.18,0.0
5.8,0.0
5.31,0.0
5.41,0.0
5.28,0.0
5.56,0.0
5.48,0.0
5.87,0.0
6.36,0.0
6.03,0.0
6.21,59.0
8.04,200.0
11.15,295.0
13.95,420.0
15.48,430.0
16.05,418.0
16.12,316.0
15.63,200.0
14.26,58.0
11.74,0.0
9.33,0.0
7.72,0.0
7.08,0.0
7.27,0.0
7.05,0.0
6.96,0.0
6.52,0.0
6.31,0.0
6.03,0.0
6.06,0.0
5.51,0.0
4.89,0.0
3.66,0.0
3.0,0.0
1.99,62.0
3.71,202.0
8.25,328.0
10.03,390.0
10.64,420.0
11.15,393.0
11.62,324.0
11.29,175.0
10.52,57.0
9.24,0.0
7.79,0.0
6.97,0.0
6.21,0.0
5.83,0.0
5.55,0.0
5.17,0.0
5.08,0.0
4.88,0.0
4.46,0.0
4.05,0.0
3.76,0.0
3.72,0.0
3.86,0.0
3.68,0.0
3.85,66.0
6.37,217.0
9.56,242.0
12.43,263.0
14.49,299.0
15.26,147.0
15.3,139.0
14.68,114.0
13.47,45.0
11.75,0.0
9.71,0.0
9.04,0.0
8.41,0.0
8.09,0.0
7.85,0.0
7.43,0.0
7.51,0.0
5.89,0.0
5.47,0.0
5.08,0.0
5.14,0.0
5.64,0.0
5.68,0.0
5.81,0.0
5.5,40.0
5.11,108.0
5.12,221.0
5.73,188.0
5.63,235.0
5.23,168.0
5.12,122.0
4.51,43.0
4.17,30.0
4.36,0.0
4.38,0.0
4.15,0.0
4.03,0.0
3.9,0.0
3.79,0.0
3.21,0.0
2.68,0.0
1.96,0.0
2.1,0.0
2.03,0.0
1.99,0.0
2.69,0.0
2.55,0.0
1.66,0.0
-0.27,37.0
2.16,138.0
6.17,188.0
5.97,304.0
7.04,382.0
7.43,379.0
7.44,183.0
7.31,122.0
6.53,52.0
5.49,0.0
4.34,0.0
3.48,0.0
2.27,0.0
1.33,0.0
0.79,0.0
0.77,0.0
0.81,0.0
0.63,0.0
0.41,0.0
0.37,0.0
0.51,0.0
0.67,0.0
1.29,0.0
1.08,0.0
1.17,56.0
2.17,102.0
5.24,175.0
6.92,278.0
8.23,232.0
8.85,194.0
8.88,135.0
8.21,129.0
7.11,55.0
5.87,0.0
5.39,0.0
4.22,0.0
4.35,0.0
3.61,0.0
2.28,0.0
2.22,0.0
2.26,0.0
2.04,0.0
2.04,0.0
2.13,0.0
2.08,0.0
2.03,0.0
1.96,0.0
2.02,0.0
1.96,12.0
2.53,120.0
3.5,183.0
4.58,251.0
4.85,235.0
5.0,101.0
4.55,138.0
3.84,131.0
3.39,50.0
2.73,0.0
2.23,0.0
2.27,0.0
1.88,0.0
1.32,0.0
0.91,0.0
0.25,0.0
-0.84,0.0
-1.34,0.0
-1.77,0.0
-2.03,0.0
-2.25,0.0
-2.63,0.0
-2.9,0.0
-2.69,0.0
-2.85,59.0
-0.13,204.0
2.48,321.0
3.35,402.0
3.83,407.0
4.27,378.0
4.29,314.0
4.26,219.0
3.88,58.0
2.96,0.0
2.85,0.0
1.24,0.0
0.28,0.0
-0.67,0.0
-1.21,0.0
-1.33,0.0
-1.26,0.0
-1.22,0.0
-1.31,0.0
-0.86,0.0
-0.2,0.0
0.85,0.0
1.2,0.0
0.67,0.0
0.7,72.0
2.37,205.0
4.98,289.0
6.22,422.0
7.17,230.0
6.71,156.0
5.17,170.0
4.05,170.0
3.86,83.0
3.29,0.0
2.46,0.0
2.28,0.0
1.74,0.0
1.45,0.0
0.99,0.0
0.51,0.0
0.09,0.0
-0.25,0.0
-0.28,0.0
-0.19,0.0
0.29,0.0
0.5,0.0
0.92,0.0
0.97,0.0
0.73,69.0
2.08,127.0
3.97,195.0
4.72,154.0
5.14,317.0
5.2,234.0
5.28,157.0
4.82,158.0
4.24,68.0
3.36,0.0
2.5,0.0
2.36,0.0
1.88,0.0
0.84,0.0
0.4,0.0
-0.42,0.0
-0.19,0.0
-0.85,0.0
-1.66,0.0
-1.91,0.0
-2.38,0.0
-2.69,0.0
-2.39,0.0
-2.34,0.0
-1.78,83.0
0.54,229.0
2.01,353.0
2.68,302.0
3.28,277.0
3.8,389.0
3.97,339.0
3.82,214.0
3.37,61.0
2.53,0.0
1.62,0.0
1.23,0.0
0.5,0.0
0.13,0.0
-0.25,0.0
-0.08,0.0
-0.74,0.0
-0.9,0.0
-0.95,0.0
-0.99,0.0
-1.42,0.0
-1.56,0.0
-1.52,0.0
-1.54,0.0
-1.25,81.0
0.87,230.0
3.8,363.0
5.19,350.0
5.64,291.0
5.67,196.0
5.04,183.0
4.42,134.0
3.94,59.0
4.02,0.0
4.35,0.0
4.31,0.0
4.13,0.0
3.08,0.0
1.78,0.0
1.02,0.0
0.54,0.0
0.19,0.0
-0.35,0.0
-1.69,0.0
-3.32,0.0
-4.13,0.0
-4.89,0.0
-4.9,0.0
-4.45,86.0
-0.42,238.0
2.2,367.0
3.53,447.0
4.22,468.0
4.72,396.0
4.88,306.0
4.54,259.0
3.84,95.0
2.77,0.0
1.76,0.0
2.13,0.0
1.71,0.0
1.42,0.0
1.17,0.0
0.79,0.0
0.41,0.0
-0.11,0.0
-0.23,0.0
-0.25,0.0
-0.38,0.0
-0.8,0.0
-1.09,0.0
-0.03,0.0
-0.59,78.0
1.08,139.0
3.25,187.0
3.48,247.0
3.94,257.0
4.14,366.0
4.26,160.0
4.31,119.0
4.14,81.0
2.84,0.0
1.51,0.0
1.75,0.0
1.27,0.0
1.48,0.0
1.98,0.0
2.86,0.0
2.64,0.0
1.79,0.0
2.2,0.0
2.58,0.0
2.68,0.0
3.02,0.0
3.42,0.0
3.64,0.0
3.76,43.0
4.43,101.0
4.76,74.0
4.47,196.0
4.76,150.0
4.9,109.0
4.96,274.0
5.02,119.0
4.57,60.0
4.18,0.0
3.62,0.0
3.01,0.0
2.47,0.0
1.95,0.0
1.53,0.0
1.54,0.0
1.23,0.0
0.7,0.0
0.56,0.0
0.27,0.0
0.24,0.0
0.19,0.0
-0.26,0.0
-0.48,0.0
0.23,79.0
2.44,227.0
5.81,309.0
6.67,380.0
7.17,479.0
7.54,381.0
7.44,194.0
7.37,135.0
7.03,79.0
6.76,0.0
7.0,0.0
7.6,0.0
8.01,0.0
7.81,0.0
7.09,0.0
7.92,0.0
7.78,0.0
7.92,0.0
7.48,0.0
7.0,0.0
6.77,0.0
6.72,0.0
6.67,0.0
6.68,0.0
6.87,64.0
7.34,152.0
8.23,177.0
8.75,299.0
9.11,192.0
8.94,238.0
8.5,139.0
7.99,113.0
8.92,43.0
9.24,0.0
9.07,0.0
8.24,0.0
8.61,0.0
8.61,0.0
7.83,0.0
7.0,0.0
6.59,0.0
5.64,0.0
4.93,0.0
4.31,0.0
3.62,0.0
3.27,0.0
3.14,0.0
2.81,0.0
2.71,36.0
2.78,76.0
2.84,84.0
2.93,139.0
3.01,108.0
2.97,188.0
3.02,171.0
2.99,94.0
2.86,49.0
2.77,0.0
2.57,0.0
2.73,0.0
2.68,0.0
2.59,0.0
2.52,0.0
2.44,0.0
3.12,0.0
2.55,0.0
2.8,0.0
3.28,0.0
3.53,0.0
3.4,0.0
2.75,0.0
2.28,0.0
2.04,39.0
2.39,138.0
2.92,128.0
3.66,110.0
3.9,110.0
4.2,169.0
3.84,131.0
3.57,66.0
2.54,97.0
2.46,0.0
2.37,0.0
2.29,0.0
2.2,0.0
2.12,0.0
2.03,0.0
1.95,0.0
1.86,0.0
1.78,0.0
1.69,0.0
1.6,0.0
1.52,0.0
1.43,0.0
1.35,0.0
1.26,0.0
2.51,60.0
3.9,205.0
7.12,307.0
9.84,273.0
10.98,358.0
11.63,331.0
11.81,213.0
11.43,157.0
10.25,51.0
9.58,0.0
8.19,0.0
7.56,0.0
7.37,0.0
6.66,0.0
5.97,0.0
5.73,0.0
5.84,0.0
4.27,0.0
3.86,0.0
3.44,0.0
3.18,0.0
2.67,0.0
2.15,0.0
1.41,0.0
3.3,77.0
4.09,140.0
4.91,305.0
6.15,473.0
6.62,503.0
6.96,434.0
6.84,271.0
6.73,296.0
6.24,134.0
5.4,0.0
4.14,0.0
3.37,0.0
2.25,0.0
1.52,0.0
0.86,0.0
0.38,0.0
0.09,0.0
-0.23,0.0
-0.43,0.0
-0.51,0.0
-0.49,0.0
-0.44,0.0
-0.28,0.0
0.03,0.0
1.02,102.0
3.91,258.0
7.21,409.0
9.7,375.0
11.45,440.0
12.41,467.0
12.58,365.0
12.39,212.0
11.57,41.0
10.37,0.0
9.29,0.0
9.96,0.0
9.89,0.0
9.4,0.0
9.0,0.0
7.38,0.0
6.68,0.0
6.49,0.0
6.19,0.0
5.09,0.0
4.6,0.0
2.72,0.0
2.52,0.0
0.59,0.0
1.12,98.0
4.05,201.0
6.51,35.0
7.61,253.0
8.43,513.0
8.25,331.0
8.04,141.0
7.83,284.0
7.54,131.0
7.01,0.0
5.96,0.0
4.63,0.0
4.17,0.0
3.25,0.0
2.75,0.0
2.78,0.0
2.4,0.0
2.2,0.0
2.1,0.0
2.11,0.0
2.21,0.0
2.34,0.0
2.37,0.0
2.46,0.0
2.91,116.0
5.52,276.0
10.32,407.0
13.44,495.0
14.82,529.0
15.36,505.0
15.45,388.0
15.03,226.0
14.08,129.0
12.16,0.0
11.99,0.0
9.3,0.0
6.82,0.0
5.94,0.0
5.6,0.0
5.14,0.0
5.02,0.0
4.51,0.0
4.06,0.0
3.36,0.0
2.9,0.0
2.69,0.0
2.72,0.0
3.95,0.0
5.32,72.0
7.21,160.0
8.5,271.0
10.97,211.0
12.95,365.0
14.07,458.0
14.17,362.0
13.98,212.0
13.11,93.0
11.87,0.0
11.32,0.0
10.05,0.0
8.63,0.0
7.68,0.0
6.97,0.0
4.91,0.0
3.49,0.0
2.4,0.0
2.14,0.0
1.89,0.0
2.12,0.0
2.39,0.0
2.88,0.0
2.66,0.0
3.89,123.0
7.23,285.0
12.11,417.0
13.85,505.0
14.63,545.0
15.05,515.0
15.21,438.0
14.94,310.0
14.09,152.0
12.64,0.0
11.03,0.0
9.78,0.0
7.93,0.0
6.49,0.0
5.6,0.0
4.95,0.0
4.44,0.0
4.11,0.0
3.8,0.0
3.48,0.0
3.19,0.0
2.92,0.0
2.7,0.0
2.34,0.0
2.76,130.0
6.66,295.0
12.92,426.0
15.85,516.0
16.86,553.0
17.26,525.0
17.29,450.0
16.82,319.0
15.82,158.0
14.11,0.0
11.7,0.0
9.88,0.0
7.77,0.0
6.29,0.0
5.54,0.0
5.08,0.0
4.61,0.0
4.21,0.0
3.8,0.0
3.47,0.0
3.17,0.0
2.9,0.0
2.6,0.0
2.22,0.0
2.8,131.0
6.64,295.0
12.12,429.0
14.46,521.0
15.48,555.0
15.91,528.0
15.86,450.0
15.4,319.0
14.54,160.0
13.09,0.0
10.73,0.0
9.09,0.0
7.3,0.0
5.6,0.0
4.67,0.0
4.07,0.0
3.55,0.0
3.01,0.0
2.57,0.0
2.21,0.0
1.93,0.0
1.71,0.0
1.57,0.0
0.21,0.0
1.11,132.0
5.99,298.0
11.27,431.0
13.37,525.0
14.33,562.0
14.83,532.0
14.9,452.0
14.51,324.0
13.68,165.0
12.24,0.0
10.17,0.0
8.4,0.0
7.2,0.0
5.38,0.0
4.18,0.0
3.47,0.0
2.95,0.0
2.55,0.0
2.22,0.0
1.88,0.0
1.56,0.0
1.27,0.0
0.97,0.0
0.71,0.0
1.39,136.0
6.07,302.0
10.78,436.0
12.64,531.0
13.61,571.0
14.04,538.0
13.9,458.0
13.41,323.0
12.63,166.0
11.28,7.0
9.37,0.0
7.79,0.0
6.84,0.0
4.99,0.0
3.94,0.0
3.5,0.0
3.27,0.0
2.89,0.0
2.49,0.0
2.48,0.0
2.54,0.0
2.38,0.0
2.18,0.0
1.74,0.0
1.94,0.0
6.0,0.0
9.5,0.0
10.9,0.0
11.61,572.0
12.03,542.0
12.1,457.0
11.77,330.0
11.04,169.0
10.05,9.0
9.38,0.0
8.91,0.0
7.48,0.0
5.06,0.0
3.01,0.0
2.06,0.0
1.78,0.0
1.4,0.0
1.12,0.0
0.73,0.0
0.47,0.0
0.21,0.0
-0.06,0.0
-0.2,0.0
0.54,144.0
5.36,311.0
8.85,444.0
10.28,536.0
10.94,573.0
11.29,546.0
11.49,0.0
11.03,336.0
10.28,175.0
9.26,15.0
7.68,0.0
8.58,0.0
6.91,0.0
4.65,0.0
2.65,0.0
1.79,0.0
1.48,0.0
1.16,0.0
0.82,0.0
0.5,0.0
0.25,0.0
-0.05,0.0
-0.27,0.0
-0.45,0.0
0.48,149.0
4.28,317.0
8.54,451.0
9.94,546.0
10.72,581.0
11.26,550.0
11.37,470.0
11.14,338.0
10.53,181.0
9.43,19.0
8.72,0.0
7.08,0.0
6.24,0.0
4.33,0.0
2.61,0.0
1.84,0.0
1.56,0.0
1.33,0.0
0.95,0.0
0.47,0.0
0.05,0.0
-0.25,0.0
-0.46,0.0
-0.24,0.0
0.84,149.0
6.72,317.0
9.3,451.0
10.68,545.0
11.52,583.0
11.92,555.0
11.94,478.0
11.74,347.0
11.12,185.0
10.08,22.0
8.08,0.0
6.5,0.0
5.86,0.0
4.18,0.0
2.51,0.0
1.35,0.0
0.64,0.0
0.05,0.0
-0.39,0.0
-1.35,0.0
-1.6,0.0
-1.75,0.0
-1.88,0.0
-2.27,0.0
-0.92,162.0
4.84,332.0
8.59,469.0
10.1,560.0
10.98,595.0
11.58,570.0
11.8,489.0
11.59,357.0
10.93,192.0
9.69,24.0
8.2,0.0
6.95,0.0
5.27,0.0
4.09,0.0
3.24,0.0
3.03,0.0
3.18,0.0
2.98,0.0
2.69,0.0
2.24,0.0
1.82,0.0
0.47,0.0
0.19,0.0
0.12,0.0
1.48,161.0
6.28,334.0
10.5,468.0
12.41,558.0
13.57,586.0
13.93,580.0
13.99,463.0
13.96,352.0
13.5,205.0
12.27,30.0
9.94,0.0
8.51,0.0
6.4,0.0
4.41,0.0
3.53,0.0
2.77,0.0
2.28,0.0
1.82,0.0
1.71,0.0
1.35,0.0
1.3,0.0
1.02,0.0
0.95,0.0
1.26,6.0
2.09,163.0
6.33,333.0
10.06,455.0
12.0,431.0
12.67,337.0
12.47,287.0
12.55,254.0
12.22,117.0
11.43,89.0
10.64,23.0
9.42,0.0
8.7,0.0
7.54,0.0
6.76,0.0
6.24,0.0
6.19,0.0
6.21,0.0
6.07,0.0
5.99,0.0
6.11,0.0
5.96,0.0
6.01,0.0
5.98,0.0
5.37,7.0
5.99,178.0
8.99,331.0
12.52,482.0
14.2,543.0
15.18,586.0
16.01,547.0
15.95,472.0
15.36,351.0
14.73,200.0
13.53,37.0
13.1,0.0
11.44,0.0
9.76,0.0
8.38,0.0
7.97,0.0
7.39,0.0
7.51,0.0
7.2,0.0
7.15,0.0
7.05,0.0
7.05,0.0
7.08,0.0
7.22,0.0
7.44,7.0
6.93,120.0
8.54,173.0
10.93,216.0
11.65,290.0
12.83,219.0
12.51,432.0
12.09,160.0
11.95,128.0
11.24,67.0
10.23,28.0
9.04,0.0
7.24,0.0
6.0,0.0
5.74,0.0
5.61,0.0
5.38,0.0
6.44,0.0
4.47,0.0
4.06,0.0
3.8,0.0
3.47,0.0
3.52,0.0
3.66,0.0
3.81,11.0
5.32,189.0
10.02,349.0
12.19,483.0
13.53,576.0
14.24,600.0
14.55,482.0
14.6,399.0
14.32,289.0
13.99,201.0
13.27,38.0
11.93,0.0
10.85,0.0
9.56,0.0
8.07,0.0
6.6,0.0
5.66,0.0
5.03,0.0
4.56,0.0
4.29,0.0
3.27,0.0
2.9,0.0
2.57,0.0
2.22,0.0
1.82,17.0
3.9,194.0
9.83,361.0
13.01,498.0
14.07,585.0
14.81,610.0
15.21,595.0
15.31,513.0
15.16,385.0
14.65,217.0
13.69,43.0
12.04,0.0
10.35,0.0
9.23,0.0
7.68,0.0
6.33,0.0
5.37,0.0
4.81,0.0
4.41,0.0
4.15,0.0
4.0,0.0
2.86,0.0
2.7,0.0
2.58,0.0
2.36,19.0
4.26,198.0
10.55,367.0
13.84,500.0
15.21,591.0
16.08,611.0
16.66,597.0
16.86,521.0
16.66,394.0
15.97,227.0
14.66,49.0
13.07,0.0
11.63,0.0
10.71,0.0
8.43,0.0
7.43,0.0
7.08,0.0
6.81,0.0
6.54,0.0
6.16,0.0
5.71,0.0
5.25,0.0
4.82,0.0
4.49,0.0
4.35,16.0
5.75,209.0
9.91,369.0
14.37,503.0
16.2,576.0
17.42,535.0
17.95,325.0
18.0,289.0
17.64,167.0
16.71,105.0
15.33,16.0
13.9,0.0
14.04,0.0
13.49,0.0
12.07,0.0
11.1,0.0
10.75,0.0
10.55,0.0
9.8,0.0
8.91,0.0
8.15,0.0
7.32,0.0
7.44,0.0
7.46,0.0
7.81,18.0
9.62,166.0
10.7,367.0
11.85,498.0
12.34,590.0
13.32,607.0
13.9,490.0
13.16,259.0
12.62,186.0
12.27,164.0
12.01,50.0
11.28,0.0
10.79,0.0
10.17,0.0
9.54,0.0
9.07,0.0
7.68,0.0
7.58,0.0
7.71,0.0
7.42,0.0
7.17,0.0
7.05,0.0
6.88,0.0
6.49,0.0
5.96,28.0
7.51,203.0
11.59,355.0
14.09,500.0
15.05,572.0
15.47,339.0
16.34,393.0
16.47,218.0
15.06,118.0
14.17,150.0
13.11,0.0
12.28,0.0
11.06,0.0
10.61,0.0
10.29,0.0
10.17,0.0
10.06,0.0
10.11,0.0
10.17,0.0
10.27,0.0
9.45,0.0
9.37,0.0
9.28,0.0
8.62,0.0
8.56,26.0
10.59,209.0
12.53,327.0
12.68,274.0
13.25,455.0
13.55,524.0
14.24,491.0
14.59,414.0
14.29,339.0
13.78,132.0
13.16,35.0
12.57,0.0
11.93,0.0
11.7,0.0
11.29,0.0
10.56,0.0
9.99,0.0
9.21,0.0
8.5,0.0
8.49,0.0
8.15,0.0
8.43,0.0
8.75,0.0
8.84,0.0
9.01,20.0
10.96,72.0
10.57,182.0
12.42,407.0
12.08,292.0
11.97,470.0
15.03,435.0
13.32,293.0
12.92,317.0
13.16,159.0
12.51,34.0
11.87,0.0
11.23,0.0
10.58,0.0
9.94,0.0
9.3,0.0
8.65,0.0
8.01,0.0
7.37,0.0
6.72,0.0
6.08,0.0
5.44,0.0
4.79,0.0
4.15,0.0
3.5,50.0
6.33,169.0
11.48,336.0
13.73,442.0
15.46,600.0
16.73,598.0
17.13,475.0
17.06,460.0
16.51,302.0
16.04,183.0
15.0,71.0
13.07,0.0
12.22,0.0
10.94,0.0
9.97,0.0
9.76,0.0
9.79,0.0
9.92,0.0
10.81,0.0
11.53,0.0
11.56,0.0
11.69,0.0
11.51,0.0
11.27,0.0
11.79,9.0
11.98,77.0
12.31,149.0
12.75,174.0
13.48,249.0
15.48,324.0
16.85,573.0
18.08,522.0
18.12,208.0
17.64,239.0
16.31,64.0
15.69,0.0
13.79,0.0
13.05,0.0
13.26,0.0
13.29,0.0
13.19,0.0
13.34,0.0
13.43,0.0
13.39,0.0
12.84,0.0
12.46,0.0
12.34,0.0
12.56,0.0
12.23,24.0
12.53,133.0
13.87,85.0
15.01,216.0
15.72,198.0
15.53,379.0
15.29,471.0
16.34,298.0
16.24,170.0
15.6,109.0
15.09,71.0
14.15,0.0
12.46,0.0
11.47,0.0
10.39,0.0
9.5,0.0
9.04,0.0
8.91,0.0
8.78,0.0
8.5,0.0
8.24,0.0
8.17,0.0
8.27,0.0
8.58,0.0
9.46,59.0
11.22,246.0
14.66,409.0
18.31,550.0
20.73,621.0
22.17,650.0
22.79,624.0
22.93,446.0
22.72,340.0
22.08,199.0
20.9,52.0
19.15,0.0
17.68,0.0
14.3,0.0
10.57,0.0
8.38,0.0
7.86,0.0
7.42,0.0
6.75,0.0
6.65,0.0
6.45,0.0
6.14,0.0
5.73,0.0
5.51,0.0
5.51,66.0
6.42,236.0
7.47,413.0
8.92,527.0
9.76,409.0
10.92,598.0
11.53,588.0
11.39,341.0
11.25,196.0
11.12,164.0
10.59,80.0
9.35,0.0
9.29,0.0
7.59,0.0
6.38,0.0
5.98,0.0
5.77,0.0
5.9,0.0
6.04,0.0
6.26,0.0
6.92,0.0
6.75,0.0
6.67,0.0
6.9,0.0
7.58,37.0
9.26,129.0
11.96,122.0
15.69,333.0
17.21,281.0
18.07,224.0
17.78,133.0
16.05,172.0
13.98,163.0
12.31,128.0
11.17,19.0
10.37,0.0
9.73,0.0
9.74,0.0
9.47,0.0
9.09,0.0
8.5,0.0
8.13,0.0
8.13,0.0
8.1,0.0
7.87,0.0
7.13,0.0
6.41,0.0
6.02,0.0
6.93,47.0
8.58,208.0
11.29,296.0
11.83,88.0
10.83,100.0
7.93,143.0
6.27,110.0
7.22,203.0
8.7,135.0
8.93,69.0
7.97,51.0
7.25,0.0
6.42,0.0
5.69,0.0
5.94,0.0
5.55,0.0
5.6,0.0
5.69,0.0
5.56,0.0
5.37,0.0
5.37,0.0
5.25,0.0
5.15,0.0
4.98,0.0
4.95,84.0
5.2,257.0
5.94,414.0
7.19,559.0
7.98,666.0
8.83,624.0
9.52,549.0
9.54,500.0
9.17,243.0
8.37,201.0
7.07,61.0
6.51,0.0
6.26,0.0
5.98,0.0
5.27,0.0
4.75,0.0
4.7,0.0
4.67,0.0
4.37,0.0
3.95,0.0
2.93,0.0
1.81,0.0
1.14,0.0
0.51,0.0
1.84,84.0
4.87,137.0
7.4,183.0
7.89,382.0
8.11,474.0
8.43,341.0
8.55,270.0
9.03,279.0
8.83,138.0
9.02,95.0
8.71,51.0
8.33,0.0
7.36,0.0
7.26,0.0
7.01,0.0
6.62,0.0
6.26,0.0
6.15,0.0
5.03,0.0
4.66,0.0
4.22,0.0
3.72,0.0
3.34,0.0
2.84,0.0
3.43,86.0
4.89,279.0
5.99,456.0
7.42,597.0
8.48,677.0
9.27,717.0
9.86,692.0
10.17,605.0
10.01,467.0
9.74,297.0
9.16,105.0
8.01,0.0
7.96,0.0
7.75,0.0
7.27,0.0
6.8,0.0
6.27,0.0
5.78,0.0
4.77,0.0
2.61,0.0
1.14,0.0
0.34,0.0
-0.06,0.0
-0.25,0.0
0.03,97.0
3.77,292.0
8.52,468.0
10.48,610.0
11.68,706.0
12.53,728.0
12.99,703.0
13.09,617.0
12.86,475.0
12.33,309.0
11.43,113.0
9.87,0.0
10.37,0.0
8.95,0.0
7.29,0.0
5.42,0.0
3.34,0.0
2.18,0.0
1.83,0.0
1.53,0.0
1.24,0.0
0.95,0.0
0.75,0.0
0.71,0.0
1.22,99.0
4.29,291.0
9.74,464.0
11.74,607.0
12.83,702.0
13.6,727.0
14.13,705.0
14.39,613.0
14.26,467.0
13.69,301.0
12.72,104.0
11.03,0.0
9.43,0.0
8.4,0.0
6.7,0.0
5.48,0.0
4.65,0.0
4.18,0.0
3.79,0.0
3.49,0.0
3.26,0.0
3.05,0.0
2.76,0.0
2.4,0.0
2.39,98.0
6.16,289.0
11.13,462.0
12.66,607.0
13.61,697.0
14.25,729.0
14.47,700.0
14.16,608.0
14.22,464.0
13.98,285.0
13.34,111.0
12.6,0.0
11.1,0.0
10.04,0.0
8.99,0.0
7.86,0.0
6.77,0.0
5.71,0.0
4.29,0.0
3.77,0.0
3.25,0.0
3.09,0.0
2.85,0.0
2.54,0.0
3.22,92.0
7.58,261.0
10.27,401.0
11.93,604.0
12.99,685.0
13.77,724.0
14.34,683.0
14.63,598.0
14.56,421.0
14.2,233.0
13.63,106.0
12.82,0.0
11.58,0.0
11.59,0.0
9.71,0.0
7.25,0.0
5.55,0.0
4.66,0.0
4.15,0.0
3.76,0.0
3.51,0.0
3.34,0.0
2.66,0.0
2.52,0.0
2.91,105.0
7.62,281.0
11.83,445.0
13.47,558.0
14.55,692.0
15.31,730.0
15.52,689.0
15.31,567.0
15.18,361.0
14.76,267.0
14.24,99.0
13.15,0.0
11.62,0.0
9.76,0.0
8.3,0.0
7.2,0.0
6.64,0.0
6.31,0.0
5.74,0.0
5.38,0.0
5.23,0.0
4.92,0.0
4.63,0.0
4.73,0.0
5.81,27.0
8.62,206.0
9.55,296.0
10.69,155.0
11.42,280.0
12.41,354.0
12.49,362.0
12.82,304.0
12.69,343.0
12.36,294.0
11.11,113.0
10.29,0.0
9.46,0.0
8.49,0.0
7.69,0.0
7.24,0.0
6.62,0.0
5.99,0.0
5.64,0.0
5.29,0.0
4.97,0.0
4.6,0.0
4.47,0.0
4.65,0.0
4.99,113.0
6.66,307.0
8.05,486.0
9.5,616.0
10.21,692.0
10.9,714.0
11.19,704.0
10.96,620.0
10.98,484.0
10.66,311.0
10.18,105.0
9.46,0.0
8.12,0.0
7.15,0.0
6.24,0.0
5.99,0.0
6.15,0.0
6.07,0.0
5.71,0.0
5.77,0.0
5.65,0.0
5.63,0.0
5.3,0.0
5.32,0.0
6.0,97.0
7.54,158.0
8.19,309.0
9.09,294.0
11.43,395.0
12.4,612.0
13.31,701.0
13.22,264.0
12.89,376.0
12.0,277.0
10.96,125.0
9.97,0.0
9.18,0.0
9.18,0.0
8.94,0.0
8.63,0.0
7.23,0.0
7.64,0.0
6.61,0.0
5.6,0.0
4.92,0.0
4.64,0.0
4.39,0.0
3.39,0.0
3.21,67.0
3.2,48.0
3.29,115.0
3.04,291.0
3.02,99.0
3.48,229.0
4.32,106.0
4.09,508.0
4.07,161.0
2.84,34.0
2.48,39.0
2.0,0.0
1.41,0.0
1.31,0.0
0.89,0.0
0.79,0.0
0.67,0.0
0.73,0.0
0.83,0.0
0.59,0.0
0.5,0.0
0.17,0.0
0.35,0.0
0.19,0.0
0.76,102.0
1.3,318.0
2.28,442.0
2.59,246.0
3.63,303.0
3.8,443.0
4.26,322.0
4.48,75.0
3.6,146.0
3.24,206.0
2.12,145.0
1.56,0.0
1.0,0.0
0.87,0.0
1.03,0.0
0.85,0.0
0.59,0.0
0.46,0.0
0.42,0.0
0.26,0.0
0.21,0.0
-0.14,0.0
-0.4,0.0
-0.39,0.0
-0.35,107.0
-0.09,220.0
0.49,304.0
1.3,134.0
1.61,242.0
1.9,264.0
2.79,111.0
2.99,436.0
3.07,468.0
2.74,104.0
2.15,145.0
1.42,0.0
-0.37,0.0
-1.2,0.0
-1.86,0.0
-1.47,0.0
-1.43,0.0
-1.72,0.0
-1.76,0.0
-2.0,0.0
-1.41,0.0
-1.51,0.0
-1.95,0.0
-2.13,0.0
-0.22,91.0
-1.07,345.0
0.85,372.0
2.36,413.0
3.17,622.0
3.72,229.0
4.18,122.0
4.27,193.0
4.48,160.0
4.01,290.0
3.7,70.0
3.26,0.0
2.54,0.0
1.91,0.0
0.94,0.0
0.61,0.0
1.24,0.0
1.04,0.0
1.2,0.0
1.87,0.0
0.59,0.0
1.15,0.0
1.33,0.0
1.82,0.0
3.06,73.0
4.11,139.0
4.39,183.0
4.63,266.0
5.04,172.0
5.67,150.0
6.31,179.0
6.3,118.0
6.26,83.0
6.14,53.0
5.71,67.0
5.15,0.0
4.87,0.0
4.74,0.0
4.65,0.0
4.61,0.0
4.58,0.0
4.82,0.0
4.45,0.0
4.37,0.0
4.61,0.0
5.03,0.0
4.97,0.0
4.7,0.0
4.38,64.0
3.94,94.0
3.32,94.0
3.01,362.0
3.8,313.0
5.17,395.0
5.94,177.0
6.17,107.0
6.13,194.0
6.26,165.0
5.59,88.0
4.89,0.0
3.64,0.0
2.84,0.0
2.04,0.0
1.08,0.0
0.54,0.0
0.08,0.0
-0.15,0.0
0.46,0.0
1.05,0.0
1.66,0.0
1.98,0.0
2.18,4.0
2.93,75.0
4.18,89.0
5.04,137.0
5.88,147.0
6.25,134.0
6.7,119.0
6.97,141.0
6.92,163.0
6.96,153.0
6.67,107.0
6.07,95.0
5.68,0.0
5.21,0.0
4.62,0.0
3.92,0.0
3.31,0.0
2.79,0.0
3.31,0.0
1.77,0.0
1.74,0.0
2.23,0.0
2.24,0.0
2.53,0.0
2.47,7.0
2.93,105.0
5.63,277.0
8.34,278.0
9.78,612.0
10.61,768.0
12.13,792.0
12.9,763.0
11.95,646.0
12.08,290.0
12.26,318.0
12.02,164.0
10.82,0.0
9.35,0.0
7.98,0.0
6.68,0.0
5.3,0.0
5.57,0.0
5.68,0.0
5.59,0.0
4.61,0.0
4.62,0.0
4.49,0.0
4.58,0.0
4.16,8.0
4.8,102.0
8.79,187.0
10.8,352.0
11.76,389.0
11.87,296.0
11.69,373.0
11.33,482.0
10.95,206.0
9.84,133.0
9.17,61.0
8.4,25.0
8.01,0.0
7.02,0.0
6.62,0.0
6.09,0.0
5.8,0.0
5.59,0.0
5.54,0.0
5.26,0.0
5.19,0.0
5.06,0.0
4.89,0.0
4.85,0.0
4.86,9.0
4.97,55.0
6.07,178.0
5.98,358.0
6.79,370.0
7.19,363.0
7.5,363.0
7.47,188.0
7.99,123.0
8.25,88.0
8.43,94.0
8.03,22.0
7.53,0.0
6.64,0.0
6.48,0.0
6.3,0.0
5.9,0.0
5.81,0.0
6.19,0.0
6.11,0.0
5.4,0.0
5.22,0.0
5.17,0.0
4.69,0.0
4.21,15.0
4.88,113.0
6.79,196.0
8.22,246.0
9.41,273.0
10.33,476.0
10.93,595.0
10.96,562.0
10.86,686.0
10.46,240.0
9.67,58.0
8.73,15.0
8.0,5.0
6.98,0.0
6.33,0.0
6.0,0.0
5.63,0.0
5.34,0.0
5.04,0.0
4.65,0.0
4.33,0.0
4.24,0.0
4.28,0.0
4.48,0.0
4.81,18.0
6.38,136.0
5.77,249.0
5.79,148.0
5.25,172.0
5.23,225.0
5.26,305.0
6.04,428.0
6.96,359.0
7.28,410.0
7.18,302.0
6.95,145.0
6.54,6.0
6.46,0.0
6.06,0.0
5.36,0.0
5.16,0.0
5.22,0.0
5.4,0.0
5.1,0.0
4.95,0.0
4.75,0.0
4.28,0.0
3.1,0.0
3.5,20.0
3.19,143.0
3.45,393.0
4.96,511.0
6.82,484.0
8.32,546.0
9.13,678.0
9.25,616.0
9.52,238.0
9.29,341.0
6.43,128.0
6.75,130.0
7.07,6.0
7.39,0.0
7.72,0.0
8.04,0.0
8.36,0.0
8.68,0.0
9.0,0.0
9.32,0.0
9.65,0.0
9.97,0.0
10.29,0.0
10.61,0.0
10.93,7.0
11.25,164.0
14.4,267.0
19.01,406.0
21.0,570.0
22.45,706.0
23.17,800.0
23.53,673.0
23.56,638.0
23.22,466.0
22.61,266.0
21.46,156.0
19.63,6.0
18.0,0.0
16.18,0.0
14.27,0.0
13.28,0.0
12.39,0.0
11.71,0.0
11.11,0.0
10.68,0.0
10.19,0.0
9.84,0.0
9.54,0.0
9.31,13.0
11.13,157.0
15.47,382.0
17.19,511.0
18.09,412.0
18.84,743.0
19.21,806.0
19.41,772.0
19.25,677.0
18.39,503.0
17.86,314.0
17.14,175.0
15.94,5.0
14.16,0.0
13.15,0.0
12.47,0.0
11.65,0.0
11.03,0.0
10.53,0.0
10.12,0.0
9.83,0.0
9.28,0.0
8.88,0.0
8.76,0.0
8.66,8.0
10.16,64.0
11.5,103.0
12.16,101.0
12.59,109.0
13.4,615.0
14.03,271.0
14.82,594.0
15.11,328.0
15.07,477.0
14.7,297.0
14.17,184.0
12.77,8.0
10.27,0.0
9.24,0.0
8.05,0.0
7.22,0.0
6.83,0.0
6.28,0.0
6.12,0.0
6.07,0.0
5.89,0.0
6.05,0.0
5.88,0.0
5.5,31.0
6.28,235.0
7.86,428.0
8.99,606.0
10.28,703.0
11.55,833.0
12.59,868.0
13.31,817.0
13.69,726.0
13.74,579.0
13.53,399.0
13.07,194.0
12.15,10.0
10.04,0.0
8.56,0.0
7.27,0.0
6.33,0.0
5.55,0.0
4.68,0.0
4.07,0.0
3.67,0.0
3.43,0.0
3.19,0.0
2.93,0.0
2.77,35.0
4.83,240.0
9.16,429.0
10.69,616.0
11.77,749.0
13.03,830.0
14.2,859.0
14.88,818.0
15.11,727.0
15.11,578.0
14.66,397.0
13.34,202.0
11.32,8.0
9.99,0.0
8.88,0.0
7.84,0.0
7.04,0.0
6.62,0.0
6.63,0.0
6.31,0.0
6.07,0.0
5.91,0.0
5.95,0.0
5.64,0.0
5.67,26.0
6.89,89.0
7.02,149.0
7.68,221.0
8.13,427.0
8.63,159.0
9.07,453.0
9.44,442.0
9.48,414.0
9.49,460.0
9.51,353.0
9.05,133.0
8.15,7.0
6.43,0.0
5.42,0.0
4.6,0.0
3.78,0.0
3.42,0.0
2.77,0.0
1.85,0.0
1.46,0.0
1.35,0.0
1.04,0.0
0.3,0.0
-0.18,68.0
1.62,259.0
3.63,455.0
5.08,635.0
6.2,770.0
7.39,863.0
8.57,888.0
9.58,841.0
10.19,748.0
10.37,603.0
10.05,415.0
9.24,218.0
8.18,18.0
7.02,0.0
5.92,0.0
5.16,0.0
4.25,0.0
3.27,0.0
2.87,0.0
3.0,0.0
2.76,0.0
2.48,0.0
2.2,0.0
1.98,0.0
2.02,70.0
4.28,256.0
9.51,441.0
12.42,626.0
14.36,757.0
15.77,849.0
16.83,869.0
17.59,813.0
18.04,687.0
18.14,548.0
17.73,314.0
16.77,198.0
15.14,18.0
13.98,0.0
12.25,0.0
10.46,0.0
9.96,0.0
9.6,0.0
9.4,0.0
9.37,0.0
9.35,0.0
9.1,0.0
8.94,0.0
8.7,0.0
8.56,26.0
9.32,108.0
13.11,392.0
14.46,614.0
15.27,688.0
16.46,609.0
16.7,358.0
16.95,101.0
16.01,125.0
14.85,103.0
13.85,87.0
12.64,72.0
11.94,11.0
10.84,0.0
10.01,0.0
8.96,0.0
9.04,0.0
7.33,0.0
7.84,0.0
7.42,0.0
5.31,0.0
7.15,0.0
5.64,0.0
5.36,0.0
5.25,56.0
8.72,196.0
11.78,357.0
14.64,483.0
16.58,690.0
17.58,703.0
18.25,505.0
18.41,712.0
18.23,415.0
16.39,251.0
15.87,142.0
15.86,181.0
15.13,12.0
12.97,0.0
12.09,0.0
11.3,0.0
10.86,0.0
9.97,0.0
9.11,0.0
8.48,0.0
7.75,0.0
7.67,0.0
7.72,0.0
7.86,0.0
8.0,7.0
8.55,46.0
8.64,139.0
8.62,136.0
8.7,161.0
8.16,304.0
7.79,331.0
7.71,337.0
7.4,344.0
7.32,136.0
7.3,124.0
7.45,94.0
7.38,17.0
6.85,0.0
6.12,0.0
5.62,0.0
4.81,0.0
3.94,0.0
3.0,0.0
2.3,0.0
1.55,0.0
1.09,0.0
0.63,0.0
0.17,0.0
0.03,91.0
2.91,289.0
4.93,482.0
6.2,529.0
7.39,685.0
8.31,817.0
9.05,824.0
9.63,678.0
10.05,564.0
10.08,471.0
10.2,348.0
9.86,197.0
9.16,23.0
7.8,0.0
6.65,0.0
5.74,0.0
4.65,0.0
3.72,0.0
2.89,0.0
2.18,0.0
2.06,0.0
1.82,0.0
1.48,0.0
1.08,0.0
0.84,93.0
3.9,279.0
6.66,398.0
8.37,493.0
9.87,629.0
11.05,797.0
12.06,875.0
12.91,851.0
13.33,664.0
13.2,379.0
12.74,300.0
11.85,167.0
10.86,21.0
9.68,0.0
8.71,0.0
7.83,0.0
6.76,0.0
5.44,0.0
4.27,0.0
3.55,0.0
2.99,0.0
2.86,0.0
2.74,0.0
2.72,0.0
2.44,96.0
5.73,296.0
9.11,485.0
10.76,666.0
11.98,802.0
12.88,885.0
13.52,916.0
14.01,863.0
14.27,769.0
14.18,614.0
13.78,434.0
13.01,238.0
11.9,49.0
10.25,0.0
8.66,0.0
7.62,0.0
7.04,0.0
6.65,0.0
6.59,0.0
6.74,0.0
6.18,0.0
5.71,0.0
5.27,0.0
4.81,0.0
4.49,93.0
5.52,305.0
7.37,496.0
9.02,674.0
10.23,809.0
11.14,892.0
11.94,923.0
12.5,869.0
12.8,779.0
12.82,623.0
12.49,440.0
11.87,239.0
10.95,53.0
9.21,0.0
7.73,0.0
7.89,0.0
6.81,0.0
6.48,0.0
6.42,0.0
5.83,0.0
5.16,0.0
4.53,0.0
4.0,0.0
3.54,0.0
3.15,105.0
2.97,307.0
5.0,500.0
6.08,675.0
6.99,813.0
8.14,895.0
8.97,917.0
9.21,868.0
9.91,782.0
9.98,545.0
10.06,213.0
9.7,157.0
9.18,56.0
7.91,0.0
7.02,0.0
6.2,0.0
5.46,0.0
4.84,0.0
4.72,0.0
4.83,0.0
4.68,0.0
4.16,0.0
3.65,0.0
3.16,0.0
2.86,81.0
2.89,208.0
4.25,236.0
5.64,384.0
6.81,710.0
7.81,540.0
8.09,620.0
8.56,732.0
8.76,331.0
8.8,212.0
8.62,224.0
8.22,98.0
7.74,25.0
6.03,0.0
5.29,0.0
4.91,0.0
4.43,0.0
4.13,0.0
3.69,0.0
2.87,0.0
2.45,0.0
1.77,0.0
1.69,0.0
1.46,0.0
1.65,73.0
5.41,300.0
7.51,495.0
9.03,664.0
10.35,798.0
11.31,887.0
12.14,908.0
12.67,840.0
12.99,770.0
13.33,614.0
13.34,440.0
13.11,241.0
12.28,59.0
10.49,0.0
9.32,0.0
8.27,0.0
6.78,0.0
5.23,0.0
4.05,0.0
3.15,0.0
2.6,0.0
2.16,0.0
1.73,0.0
1.4,0.0
1.79,119.0
6.05,240.0
10.1,503.0
11.94,667.0
13.28,744.0
14.32,870.0
15.3,870.0
15.96,786.0
16.35,660.0
16.4,591.0
16.07,249.0
15.44,182.0
14.35,49.0
13.68,0.0
11.84,0.0
10.24,0.0
8.93,0.0
8.25,0.0
7.71,0.0
7.44,0.0
7.22,0.0
7.34,0.0
7.3,0.0
7.47,0.0
7.43,44.0
10.05,107.0
12.25,190.0
13.63,103.0
14.52,534.0
15.23,735.0
15.78,833.0
15.81,750.0
15.7,593.0
15.64,468.0
15.08,254.0
15.01,104.0
14.32,36.0
12.88,0.0
11.16,0.0
10.11,0.0
9.12,0.0
8.69,0.0
7.9,0.0
6.88,0.0
6.29,0.0
5.79,0.0
5.52,0.0
5.17,0.0
5.29,109.0
8.85,266.0
10.91,449.0
12.24,674.0
13.54,803.0
14.57,867.0
15.24,915.0
15.72,787.0
16.31,391.0
16.17,376.0
15.95,228.0
15.41,155.0
14.74,34.0
13.58,0.0
12.27,0.0
10.74,0.0
9.63,0.0
8.84,0.0
8.31,0.0
7.87,0.0
7.42,0.0
7.17,0.0
6.97,0.0
6.76,0.0
7.11,92.0
9.91,294.0
12.61,492.0
14.0,637.0
15.05,793.0
16.0,869.0
16.71,802.0
17.25,648.0
16.53,92.0
16.61,100.0
16.87,71.0
16.24,60.0
15.22,6.0
13.72,0.0
11.87,0.0
10.26,0.0
8.85,0.0
8.01,0.0
8.12,0.0
7.44,0.0
7.27,0.0
7.08,0.0
6.81,0.0
6.72,0.0
7.27,134.0
10.66,334.0
14.22,522.0
16.19,689.0
17.6,819.0
18.82,902.0
19.78,921.0
20.28,881.0
20.28,783.0
20.58,630.0
20.6,426.0
20.18,213.0
18.87,75.0
17.08,0.0
16.04,0.0
13.89,0.0
12.55,0.0
12.12,0.0
11.05,0.0
10.73,0.0
10.27,0.0
9.45,0.0
8.66,0.0
8.14,0.0
8.51,110.0
11.94,331.0
16.49,510.0
18.88,619.0
20.16,501.0
21.26,856.0
22.2,880.0
22.89,845.0
23.22,686.0
23.18,525.0
22.82,285.0
21.98,103.0
19.99,55.0
18.58,0.0
16.8,0.0
15.23,0.0
14.23,0.0
13.63,0.0
13.0,0.0
12.41,0.0
11.32,0.0
10.6,0.0
9.9,0.0
9.27,0.0
10.05,36.0
12.08,51.0
14.09,99.0
15.66,261.0
17.01,160.0
17.89,440.0
17.38,295.0
18.18,814.0
19.92,494.0
20.57,455.0
20.42,228.0
19.57,50.0
18.29,18.0
16.71,0.0
15.51,0.0
14.52,0.0
13.82,0.0
13.31,0.0
12.97,0.0
12.33,0.0
11.78,0.0
11.32,0.0
11.03,0.0
11.2,0.0
11.85,20.0
12.32,58.0
13.45,70.0
12.78,98.0
12.4,112.0
14.04,148.0
13.21,149.0
12.93,128.0
14.54,128.0
13.76,108.0
13.32,70.0
14.69,104.0
13.13,15.0
11.66,0.0
11.13,0.0
10.9,0.0
10.83,0.0
10.78,0.0
10.98,0.0
11.18,0.0
10.4,0.0
10.73,0.0
10.39,0.0
10.39,0.0
10.47,26.0
10.59,153.0
10.9,182.0
11.37,232.0
11.82,283.0
12.35,495.0
12.6,316.0
13.04,451.0
12.92,95.0
12.53,104.0
12.46,90.0
11.95,88.0
11.5,39.0
10.81,0.0
10.52,0.0
10.55,0.0
10.43,0.0
10.3,0.0
10.24,0.0
9.96,0.0
9.96,0.0
9.94,0.0
9.73,0.0
9.65,0.0
9.64,87.0
9.94,168.0
10.24,280.0
10.44,463.0
10.71,294.0
11.78,621.0
12.34,614.0
13.15,299.0
13.37,80.0
12.71,124.0
12.02,83.0
11.62,88.0
11.23,64.0
10.38,0.0
10.0,0.0
9.58,0.0
9.04,0.0
8.79,0.0
8.56,0.0
8.06,0.0
7.93,0.0
7.81,0.0
7.73,0.0
7.53,0.0
7.7,80.0
7.45,45.0
7.56,199.0
7.64,152.0
8.74,215.0
9.46,156.0
9.54,181.0
9.96,287.0
10.58,183.0
10.86,127.0
10.88,65.0
10.53,97.0
9.94,50.0
9.38,0.0
8.89,0.0
8.8,0.0
8.53,0.0
8.38,0.0
8.3,0.0
8.2,0.0
8.09,0.0
8.01,0.0
7.94,0.0
7.83,0.0
7.83,26.0
7.63,68.0
7.65,196.0
8.12,271.0
8.06,380.0
8.43,236.0
9.31,87.0
9.36,118.0
9.41,70.0
9.47,82.0
7.28,75.0
7.76,36.0
8.25,13.0
8.73,0.0
9.22,0.0
9.71,0.0
10.19,0.0
10.68,0.0
11.17,0.0
11.65,0.0
12.14,0.0
12.62,0.0
13.11,0.0
13.6,3.0
14.08,74.0
14.57,57.0
16.07,217.0
17.25,158.0
18.46,258.0
20.19,199.0
19.61,222.0
18.06,143.0
17.93,141.0
17.47,102.0
17.17,52.0
16.72,131.0
16.16,54.0
15.96,0.0
15.18,0.0
14.56,0.0
14.05,0.0
13.52,0.0
13.21,0.0
12.84,0.0
12.35,0.0
11.22,0.0
10.75,0.0
10.64,4.0
11.84,104.0
15.44,247.0
18.83,428.0
21.26,464.0
22.93,195.0
24.01,615.0
24.6,113.0
22.93,283.0
23.45,352.0
22.55,337.0
21.07,140.0
20.34,118.0
19.89,52.0
19.28,0.0
18.2,0.0
17.28,0.0
16.84,0.0
16.59,0.0
16.54,0.0
16.12,0.0
15.77,0.0
15.4,0.0
15.15,0.0
15.01,1.0
15.51,56.0
18.89,35.0
21.11,186.0
22.73,493.0
22.88,205.0
23.03,172.0
22.63,298.0
23.09,195.0
23.05,110.0
22.19,313.0
21.44,206.0
20.87,47.0
19.74,51.0
17.5,0.0
16.72,0.0
16.18,0.0
15.75,0.0
15.17,0.0
15.59,0.0
14.78,0.0
14.52,0.0
14.16,0.0
13.07,0.0
12.91,12.0
14.08,33.0
17.76,140.0
20.29,286.0
21.58,89.0
23.17,180.0
24.28,114.0
25.57,173.0
25.94,205.0
26.2,226.0
25.17,156.0
24.46,393.0
23.76,52.0
22.59,36.0
22.21,0.0
20.88,0.0
19.7,0.0
18.93,0.0
18.65,0.0
18.34,0.0
17.94,0.0
17.56,0.0
16.97,0.0
16.63,0.0
16.02,15.0
14.24,98.0
12.66,94.0
12.49,66.0
12.27,86.0
12.39,127.0
12.48,305.0
12.81,223.0
12.94,292.0
13.1,335.0
14.12,306.0
14.47,204.0
14.17,115.0
13.88,53.0
13.3,0.0
12.88,0.0
12.45,0.0
11.95,0.0
11.69,0.0
11.52,0.0
11.17,0.0
10.72,0.0
10.55,0.0
10.06,0.0
10.07,11.0
10.29,186.0
10.28,369.0
10.95,563.0
12.14,711.0
12.47,728.0
13.01,289.0
13.75,145.0
14.67,139.0
14.49,115.0
14.34,145.0
14.63,93.0
14.26,52.0
13.96,77.0
12.88,0.0
11.88,0.0
11.21,0.0
10.83,0.0
10.38,0.0
10.0,0.0
9.15,0.0
9.18,0.0
8.38,0.0
7.79,0.0
7.8,18.0
9.47,185.0
12.49,162.0
16.34,326.0
18.26,705.0
19.81,844.0
20.97,922.0
22.1,934.0
22.77,888.0
23.02,785.0
22.81,628.0
22.18,488.0
21.27,296.0
20.17,113.0
19.19,0.0
17.86,0.0
16.67,0.0
15.94,0.0
15.57,0.0
15.38,0.0
15.34,0.0
15.52,0.0
15.72,0.0
15.6,0.0
14.43,11.0
14.09,99.0
16.85,280.0
18.68,546.0
17.58,715.0
17.69,169.0
17.34,719.0
17.81,603.0
18.16,529.0
18.65,659.0
18.71,592.0
18.62,466.0
18.39,251.0
17.71,89.0
16.28,0.0
14.88,0.0
13.64,0.0
13.42,0.0
12.46,0.0
12.01,0.0
11.19,0.0
10.86,0.0
10.42,0.0
10.05,0.0
9.57,21.0
10.7,91.0
13.46,155.0
14.73,216.0
15.78,454.0
16.77,734.0
17.38,566.0
18.3,567.0
18.4,385.0
18.65,429.0
18.47,115.0
18.29,107.0
17.7,109.0
16.99,68.0
15.52,0.0
14.94,0.0
14.22,0.0
13.21,0.0
12.18,0.0
11.33,0.0
10.73,0.0
10.34,0.0
10.02,0.0
9.73,0.0
9.61,26.0
10.85,142.0
15.38,381.0
19.08,568.0
21.29,721.0
22.79,856.0
24.03,930.0
24.96,926.0
25.53,890.0
25.72,801.0
25.67,654.0
25.2,457.0
24.43,243.0
23.18,104.0
22.0,0.0
20.46,0.0
18.47,0.0
16.82,0.0
15.95,0.0
15.84,0.0
16.05,0.0
15.46,0.0
14.75,0.0
14.23,0.0
13.68,25.0
14.41,113.0
17.98,234.0
21.35,347.0
22.61,545.0
23.34,780.0
24.24,880.0
25.01,927.0
25.52,872.0
25.9,789.0
26.06,640.0
25.87,479.0
25.3,263.0
24.27,103.0
23.67,0.0
22.21,0.0
20.58,0.0
17.9,0.0
16.53,0.0
15.68,0.0
15.04,0.0
14.69,0.0
14.3,0.0
14.04,0.0
13.74,16.0
14.75,153.0
18.39,167.0
21.43,140.0
22.33,145.0
22.94,134.0
23.56,270.0
24.25,607.0
24.67,876.0
24.91,784.0
24.84,659.0
24.66,486.0
24.32,300.0
23.69,122.0
22.52,0.0
21.14,0.0
19.58,0.0
18.8,0.0
18.68,0.0
18.62,0.0
18.78,0.0
18.89,0.0
18.82,0.0
18.67,0.0
18.22,27.0
18.97,128.0
21.67,78.0
25.15,250.0
27.46,152.0
28.06,164.0
26.74,322.0
25.26,412.0
24.73,197.0
24.0,129.0
23.29,197.0
22.96,95.0
22.66,58.0
22.01,18.0
20.32,0.0
19.3,0.0
18.56,0.0
17.57,0.0
17.12,0.0
17.09,0.0
16.99,0.0
16.69,0.0
16.68,0.0
16.7,0.0
17.09,13.0
16.54,60.0
16.16,64.0
16.33,74.0
16.61,119.0
15.13,102.0
14.89,435.0
14.37,418.0
13.97,179.0
13.55,93.0
12.45,65.0
11.53,96.0
10.8,77.0
10.26,11.0
9.63,0.0
9.44,0.0
9.23,0.0
8.79,0.0
8.46,0.0
8.46,0.0
8.82,0.0
8.76,0.0
8.57,0.0
8.6,0.0
8.74,7.0
9.02,200.0
9.71,131.0
10.2,167.0
10.71,640.0
11.0,195.0
11.8,148.0
12.77,225.0
12.57,171.0
13.0,595.0
12.94,587.0
12.64,206.0
12.39,154.0
11.57,97.0
10.27,0.0
9.78,0.0
9.48,0.0
9.52,0.0
9.54,0.0
9.5,0.0
9.27,0.0
9.0,0.0
8.99,0.0
8.85,0.0
8.77,17.0
9.18,194.0
9.29,239.0
10.14,290.0
11.53,335.0
12.27,227.0
13.1,314.0
13.82,480.0
14.81,692.0
14.86,682.0
14.9,522.0
14.74,341.0
14.45,202.0
13.76,91.0
11.99,0.0
11.63,0.0
11.17,0.0
10.89,0.0
10.91,0.0
10.8,0.0
9.95,0.0
9.84,0.0
9.8,0.0
9.52,0.0
9.62,29.0
10.56,124.0
11.67,240.0
12.06,374.0
12.84,528.0
13.53,577.0
14.73,481.0
15.68,289.0
16.2,541.0
16.87,317.0
16.76,377.0
16.9,183.0
16.5,160.0
16.02,82.0
14.93,0.0
14.11,0.0
12.99,0.0
11.3,0.0
10.82,0.0
10.8,0.0
9.91,0.0
9.51,0.0
9.05,0.0
8.73,0.0
8.49,43.0
9.99,172.0
12.39,190.0
13.82,479.0
15.4,740.0
17.23,879.0
18.96,927.0
19.41,911.0
19.51,800.0
19.63,731.0
19.89,542.0
19.27,441.0
18.14,217.0
16.52,27.0
13.69,0.0
12.08,0.0
10.98,0.0
10.07,0.0
9.48,0.0
9.21,0.0
9.05,0.0
8.91,0.0
8.89,0.0
8.96,0.0
9.02,38.0
8.96,24.0
10.47,60.0
10.02,76.0
9.91,238.0
10.03,249.0
9.8,173.0
9.62,195.0
9.88,301.0
10.08,112.0
10.47,79.0
10.36,78.0
10.16,47.0
9.74,42.0
8.9,0.0
8.44,0.0
8.08,0.0
7.73,0.0
7.47,0.0
7.11,0.0
7.29,0.0
6.97,0.0
6.57,0.0
6.01,0.0
6.37,15.0
7.02,46.0
7.89,244.0
8.56,432.0
9.31,492.0
10.0,815.0
10.65,527.0
11.39,152.0
11.85,489.0
11.89,304.0
11.55,344.0
11.28,89.0
10.6,175.0
9.99,126.0
9.06,0.0
8.13,0.0
7.87,0.0
7.46,0.0
7.32,0.0
7.04,0.0
5.96,0.0
5.39,0.0
4.64,0.0
3.54,0.0
2.77,30.0
5.21,92.0
10.11,375.0
9.07,371.0
10.37,653.0
11.43,630.0
11.99,860.0
12.55,818.0
12.78,689.0
12.47,758.0
12.79,383.0
12.84,357.0
12.26,251.0
11.64,92.0
10.5,0.0
9.81,0.0
9.22,0.0
8.17,0.0
7.48,0.0
7.16,0.0
6.54,0.0
6.04,0.0
5.4,0.0
5.31,0.0
5.12,33.0
6.27,190.0
8.84,413.0
10.35,601.0
11.45,774.0
12.71,840.0
13.61,908.0
14.45,832.0
14.92,752.0
14.91,694.0
15.05,490.0
14.75,263.0
14.54,140.0
13.63,75.0
12.43,0.0
11.19,0.0
10.55,0.0
10.07,0.0
9.8,0.0
9.53,0.0
9.14,0.0
8.68,0.0
8.46,0.0
8.26,0.0
8.35,29.0
9.07,64.0
9.88,79.0
9.88,198.0
10.8,346.0
11.95,581.0
12.51,714.0
13.01,422.0
13.5,633.0
13.41,81.0
12.88,88.0
12.72,84.0
12.17,68.0
11.78,32.0
11.51,1.0
11.25,0.0
10.63,0.0
10.29,0.0
10.09,0.0
9.64,0.0
9.73,0.0
9.31,0.0
9.43,0.0
9.34,0.0
9.02,41.0
9.81,126.0
12.89,168.0
12.32,232.0
13.71,140.0
14.75,599.0
15.86,747.0
16.3,888.0
17.27,841.0
17.48,154.0
17.19,620.0
17.36,174.0
16.62,103.0
15.85,88.0
14.3,2.0
13.28,0.0
12.82,0.0
12.19,0.0
12.08,0.0
11.59,0.0
11.11,0.0
10.86,0.0
10.1,0.0
10.45,0.0
10.97,42.0
11.89,137.0
12.13,319.0
12.18,323.0
12.85,153.0
13.65,529.0
14.27,473.0
15.11,502.0
15.62,530.0
15.96,263.0
15.6,420.0
15.19,336.0
14.23,241.0
13.6,98.0
12.58,2.0
12.08,0.0
11.89,0.0
11.7,0.0
11.58,0.0
11.24,0.0
10.82,0.0
10.32,0.0
9.86,0.0
9.57,0.0
9.35,23.0
9.89,77.0
10.73,140.0
11.66,122.0
11.97,397.0
12.41,193.0
13.09,382.0
14.2,243.0
15.19,208.0
15.55,587.0
15.27,509.0
15.23,441.0
15.02,224.0
14.41,108.0
13.63,4.0
12.9,0.0
12.39,0.0
11.89,0.0
11.21,0.0
11.08,0.0
11.43,0.0
11.15,0.0
10.75,0.0
10.38,0.0
10.07,66.0
10.68,239.0
12.16,425.0
13.47,587.0
14.77,709.0
15.74,848.0
16.54,954.0
17.31,986.0
17.95,941.0
18.44,848.0
18.67,717.0
18.54,538.0
18.09,349.0
17.38,167.0
15.98,7.0
14.42,0.0
13.11,0.0
11.65,0.0
10.2,0.0
8.91,0.0
8.14,0.0
7.83,0.0
7.62,0.0
7.39,0.0
7.42,24.0
8.87,158.0
13.75,273.0
15.24,520.0
16.43,741.0
17.44,882.0
18.41,964.0
19.38,970.0
20.01,931.0
20.45,844.0
20.29,714.0
19.99,533.0
19.69,337.0
19.2,151.0
17.93,9.0
16.1,0.0
14.6,0.0
12.96,0.0
12.46,0.0
12.24,0.0
11.1,0.0
10.2,0.0
9.52,0.0
9.19,0.0
9.45,47.0
10.98,120.0
11.97,187.0
12.57,184.0
13.11,390.0
13.69,210.0
14.54,139.0
15.7,186.0
16.7,327.0
17.38,347.0
17.21,210.0
17.45,79.0
16.48,35.0
15.49,14.0
13.87,8.0
12.99,0.0
12.25,0.0
11.82,0.0
11.35,0.0
11.27,0.0
11.29,0.0
11.17,0.0
11.03,0.0
11.08,0.0
10.95,34.0
11.03,120.0
11.54,143.0
12.07,119.0
12.84,175.0
14.14,276.0
14.93,353.0
16.2,324.0
16.86,438.0
17.62,505.0
17.87,460.0
17.66,446.0
17.59,228.0
17.28,162.0
15.34,12.0
14.27,0.0
13.25,0.0
12.61,0.0
11.5,0.0
10.77,0.0
10.32,0.0
9.73,0.0
9.15,0.0
8.85,0.0
8.59,60.0
10.34,233.0
13.99,420.0
15.59,605.0
16.98,771.0
18.34,892.0
19.25,969.0
20.06,982.0
20.75,937.0
21.13,832.0
21.32,709.0
18.32,531.0
18.0,185.0
17.67,159.0
17.34,11.0
17.01,0.0
16.68,0.0
16.36,0.0
16.03,0.0
15.7,0.0
15.37,0.0
15.04,0.0
14.72,0.0
14.39,0.0
14.06,68.0
13.73,231.0
13.4,412.0
20.36,595.0
21.75,748.0
23.05,866.0
24.05,947.0
25.09,959.0
25.29,930.0
25.38,821.0
25.08,710.0
24.54,534.0
23.39,330.0
22.49,123.0
21.86,8.0
20.43,0.0
17.18,0.0
15.92,0.0
15.21,0.0
16.28,0.0
14.68,0.0
13.74,0.0
13.36,0.0
13.03,0.0
12.65,70.0
15.31,218.0
17.95,229.0
19.35,319.0
20.7,489.0
21.77,780.0
23.02,928.0
22.56,895.0
21.89,187.0
21.68,501.0
21.02,423.0
20.37,519.0
19.98,339.0
20.63,100.0
20.53,5.0
19.71,0.0
18.83,0.0
18.05,0.0
17.54,0.0
17.0,0.0
16.67,0.0
16.41,0.0
15.88,0.0
15.21,0.0
14.6,9.0
16.46,74.0
18.52,97.0
19.63,201.0
20.87,234.0
21.96,411.0
22.88,337.0
22.72,528.0
22.48,527.0
22.11,345.0
21.0,424.0
20.3,82.0
19.93,33.0
18.97,77.0
19.16,3.0
18.11,0.0
17.65,0.0
17.51,0.0
17.21,0.0
16.84,0.0
16.49,0.0
16.3,0.0
16.1,0.0
16.06,0.0
16.28,36.0
16.34,91.0
16.66,71.0
17.88,105.0
20.07,150.0
21.86,139.0
21.77,156.0
21.9,304.0
21.3,345.0
19.88,120.0
19.6,171.0
18.91,363.0
18.62,31.0
18.09,164.0
17.34,23.0
16.7,0.0
16.19,0.0
15.66,0.0
15.15,0.0
15.19,0.0
14.83,0.0
14.77,0.0
14.68,0.0
14.42,0.0
14.28,17.0
14.33,85.0
15.44,194.0
16.0,270.0
17.61,328.0
18.65,527.0
19.67,625.0
19.79,581.0
20.72,446.0
20.61,394.0
20.05,298.0
20.14,329.0
19.53,165.0
19.21,85.0
18.39,6.0
17.83,0.0
16.48,0.0
15.7,0.0
15.79,0.0
15.67,0.0
15.05,0.0
14.45,0.0
14.16,0.0
12.65,0.0
13.27,62.0
14.67,231.0
17.11,408.0
18.8,531.0
20.63,713.0
22.03,817.0
21.91,839.0
21.69,885.0
20.69,236.0
21.04,148.0
21.18,204.0
20.49,265.0
19.84,210.0
19.34,98.0
19.42,11.0
18.16,0.0
16.83,0.0
15.83,0.0
15.22,0.0
14.94,0.0
14.06,0.0
13.68,0.0
14.01,0.0
14.67,0.0
14.77,52.0
14.68,87.0
15.3,215.0
15.99,309.0
16.2,177.0
16.56,314.0
17.36,369.0
18.22,321.0
18.7,463.0
19.7,533.0
19.65,526.0
19.84,447.0
20.11,297.0
19.77,153.0
18.79,22.0
17.76,0.0
16.99,0.0
16.29,0.0
15.38,0.0
14.82,0.0
15.49,0.0
15.06,0.0
14.64,0.0
14.66,0.0
14.37,35.0
14.88,41.0
15.35,72.0
15.63,133.0
15.55,230.0
15.87,248.0
16.16,543.0
17.47,423.0
17.62,282.0
17.9,208.0
17.46,203.0
17.02,200.0
16.66,121.0
16.27,71.0
15.84,6.0
15.36,0.0
14.81,0.0
14.62,0.0
14.2,0.0
13.91,0.0
13.12,0.0
12.56,0.0
11.47,0.0
10.23,0.0
10.38,63.0
12.95,238.0
14.35,350.0
15.27,549.0
16.12,712.0
16.77,819.0
17.84,937.0
18.49,893.0
19.26,864.0
19.8,835.0
20.03,734.0
20.0,554.0
19.85,370.0
19.37,181.0
18.27,29.0
17.54,0.0
16.81,0.0
16.07,0.0
15.18,0.0
14.11,0.0
12.84,0.0
11.96,0.0
11.24,0.0
10.55,0.0
10.3,77.0
12.51,248.0
16.88,439.0
18.89,614.0
20.42,769.0
21.76,885.0
22.7,973.0
23.61,976.0
24.35,944.0
24.84,845.0
24.97,716.0
24.67,552.0
24.12,277.0
23.18,92.0
21.96,3.0
20.23,0.0
18.59,0.0
17.52,0.0
16.38,0.0
15.41,0.0
14.6,0.0
14.27,0.0
14.0,0.0
13.19,0.0
13.1,51.0
15.36,99.0
19.12,138.0
20.52,428.0
21.98,713.0
23.33,868.0
24.81,949.0
25.69,958.0
26.41,927.0
26.83,820.0
26.9,699.0
26.69,515.0
26.65,322.0
25.94,30.0
22.5,3.0
21.65,0.0
20.75,0.0
20.21,0.0
19.64,0.0
18.97,0.0
18.86,0.0
18.65,0.0
18.26,0.0
18.27,0.0
18.21,65.0
19.06,69.0
19.92,56.0
21.07,53.0
21.64,73.0
23.43,172.0
24.99,289.0
26.2,923.0
26.99,913.0
27.46,331.0
27.18,297.0
26.22,517.0
26.06,146.0
25.61,121.0
24.28,5.0
23.0,0.0
22.02,0.0
21.02,0.0
19.93,0.0
19.31,0.0
18.6,0.0
18.2,0.0
18.06,0.0
17.99,0.0
17.84,74.0
18.0,67.0
18.59,102.0
19.52,130.0
20.12,221.0
19.68,578.0
20.83,449.0
22.28,523.0
23.81,754.0
23.91,753.0
24.49,667.0
24.75,518.0
24.84,336.0
24.3,163.0
22.86,27.0
22.44,0.0
22.22,0.0
21.68,0.0
21.44,0.0
20.18,0.0
19.31,0.0
18.78,0.0
18.19,0.0
17.45,0.0
17.3,41.0
19.24,210.0
23.54,372.0
25.95,529.0
28.41,273.0
30.12,77.0
31.57,141.0
32.97,763.0
33.61,861.0
33.26,595.0
31.79,115.0
29.42,428.0
29.08,248.0
28.14,16.0
27.55,24.0
25.31,0.0
23.78,0.0
23.14,0.0
22.75,0.0
22.39,0.0
21.34,0.0
19.9,0.0
18.9,0.0
18.6,0.0
18.66,61.0
19.96,217.0
23.56,406.0
25.83,587.0
27.05,748.0
27.8,866.0
28.52,943.0
29.2,957.0
30.15,927.0
30.3,831.0
30.24,709.0
30.45,540.0
30.2,355.0
29.39,171.0
27.79,35.0
26.02,0.0
23.22,0.0
21.99,0.0
20.76,0.0
20.0,0.0
19.46,0.0
19.13,0.0
18.71,0.0
18.5,0.0
18.38,41.0
19.96,177.0
23.15,299.0
25.04,532.0
26.68,679.0
28.27,759.0
29.82,922.0
31.13,920.0
31.99,881.0
32.4,548.0
32.79,645.0
31.97,522.0
30.73,215.0
29.43,56.0
28.72,7.0
26.6,0.0
25.36,0.0
24.15,0.0
23.18,0.0
21.9,0.0
21.29,0.0
21.13,0.0
21.24,0.0
20.93,0.0
20.26,40.0
21.44,223.0
24.27,399.0
26.75,572.0
27.88,666.0
29.17,717.0
30.6,802.0
31.82,940.0
32.64,905.0
33.04,812.0
33.34,693.0
32.57,525.0
30.73,329.0
28.93,164.0
29.21,29.0
27.3,0.0
25.59,0.0
24.41,0.0
23.02,0.0
22.11,0.0
21.72,0.0
21.21,0.0
21.11,0.0
21.27,0.0
21.78,58.0
23.04,216.0
25.35,405.0
29.45,580.0
32.23,735.0
33.97,856.0
35.02,932.0
35.63,957.0
35.81,923.0
34.36,823.0
32.17,700.0
31.95,549.0
31.94,352.0
30.92,180.0
26.15,37.0
25.11,0.0
24.3,0.0
23.22,0.0
22.11,0.0
21.09,0.0
20.5,0.0
19.58,0.0
18.76,0.0
18.03,0.0
17.71,18.0
19.48,75.0
19.86,91.0
20.76,186.0
22.98,227.0
25.07,327.0
26.46,567.0
26.8,893.0
27.06,905.0
26.4,835.0
26.62,334.0
27.01,200.0
25.96,272.0
25.07,191.0
21.3,39.0
20.47,0.0
19.92,0.0
19.14,0.0
18.58,0.0
18.34,0.0
17.32,0.0
16.82,0.0
16.61,0.0
16.38,0.0
16.4,33.0
16.67,92.0
16.45,327.0
17.23,423.0
17.99,514.0
18.98,351.0
20.07,396.0
20.98,655.0
22.03,816.0
22.41,824.0
23.41,677.0
24.22,562.0
23.89,249.0
23.61,80.0
21.83,13.0
19.31,0.0
18.25,0.0
17.83,0.0
17.29,0.0
16.97,0.0
16.67,0.0
16.39,0.0
16.37,0.0
16.48,0.0
16.3,27.0
16.62,83.0
17.61,121.0
18.67,136.0
19.39,277.0
20.32,321.0
20.57,192.0
21.17,351.0
22.36,299.0
22.33,302.0
22.78,211.0
22.92,59.0
22.12,52.0
21.69,23.0
21.13,4.0
19.91,0.0
18.92,0.0
18.47,0.0
18.25,0.0
17.78,0.0
17.16,0.0
17.01,0.0
16.46,0.0
16.27,0.0
15.83,38.0
15.59,92.0
15.84,364.0
16.76,585.0
16.46,663.0
17.21,764.0
18.29,730.0
18.85,796.0
18.18,228.0
18.42,689.0
17.94,470.0
18.04,256.0
17.65,238.0
17.94,22.0
17.46,17.0
17.12,0.0
16.84,0.0
16.9,0.0
16.5,0.0
16.61,0.0
16.46,0.0
16.97,0.0
16.8,0.0
15.78,0.0
15.71,15.0
17.2,132.0
17.83,281.0
19.25,294.0
20.46,692.0
21.24,867.0
20.66,885.0
20.41,418.0
21.46,320.0
21.0,110.0
20.84,127.0
20.95,82.0
19.12,50.0
18.05,112.0
17.96,14.0
17.03,0.0
16.63,0.0
15.62,0.0
15.47,0.0
16.02,0.0
14.77,0.0
14.7,0.0
14.71,0.0
14.58,0.0
14.37,64.0
14.44,129.0
14.69,398.0
16.08,480.0
17.79,563.0
18.1,787.0
19.71,728.0
20.31,658.0
21.0,576.0
20.86,639.0
20.45,432.0
20.33,304.0
20.15,367.0
19.41,170.0
19.21,40.0
18.21,0.0
17.32,0.0
16.97,0.0
17.48,0.0
17.29,0.0
16.94,0.0
16.75,0.0
15.64,0.0
14.45,0.0
13.82,24.0
15.42,47.0
18.52,133.0
19.28,218.0
19.5,164.0
18.88,195.0
17.74,236.0
16.38,127.0
15.46,117.0
15.35,102.0
15.59,153.0
15.28,227.0
14.91,122.0
14.5,39.0
14.19,13.0
13.81,0.0
13.48,0.0
13.4,0.0
13.21,0.0
13.11,0.0
12.67,0.0
12.58,0.0
12.49,0.0
12.35,0.0
12.21,15.0
12.35,72.0
12.94,79.0
13.48,101.0
13.97,232.0
14.57,108.0
14.45,138.0
15.01,143.0
15.35,103.0
15.31,285.0
15.33,271.0
14.95,108.0
14.27,176.0
13.94,17.0
14.12,4.0
13.88,0.0
13.08,0.0
13.05,0.0
12.7,0.0
12.7,0.0
12.32,0.0
12.13,0.0
12.4,0.0
12.0,0.0
12.35,14.0
12.06,121.0
13.41,92.0
13.02,154.0
13.43,142.0
14.09,146.0
14.99,138.0
15.1,321.0
15.59,130.0
15.93,102.0
15.82,123.0
15.92,93.0
15.59,71.0
14.87,17.0
13.13,4.0
13.02,0.0
12.95,0.0
12.91,0.0
12.94,0.0
12.92,0.0
12.95,0.0
12.93,0.0
12.58,0.0
12.41,0.0
12.18,16.0
12.97,0.0
14.28,0.0
15.75,0.0
16.64,375.0
17.35,556.0
18.24,603.0
19.76,793.0
20.74,796.0
21.14,751.0
21.31,738.0
21.36,574.0
21.07,394.0
20.51,196.0
19.91,45.0
19.57,0.0
18.09,0.0
16.21,0.0
14.28,0.0
12.89,0.0
12.21,0.0
11.91,0.0
11.94,0.0
11.65,0.0
11.49,0.0
13.42,0.0
16.0,0.0
17.24,398.0
18.39,516.0
19.53,728.0
20.45,379.0
21.11,463.0
21.52,443.0
21.9,283.0
21.83,251.0
20.99,191.0
19.26,57.0
17.74,68.0
16.11,4.0
15.66,0.0
15.01,0.0
14.57,0.0
14.03,0.0
13.55,0.0
13.2,0.0
12.88,0.0
12.6,0.0
12.42,0.0
12.28,33.0
12.21,114.0
12.71,168.0
12.92,111.0
12.54,102.0
12.84,146.0
12.84,124.0
12.8,157.0
12.7,189.0
12.85,152.0
14.14,261.0
10.87,202.0
11.62,113.0
12.37,21.0
13.12,5.0
13.86,0.0
14.61,0.0
15.36,0.0
16.11,0.0
16.85,0.0
17.6,0.0
18.35,0.0
19.1,0.0
19.84,0.0
20.59,38.0
21.34,98.0
22.09,186.0
26.15,307.0
27.33,552.0
28.22,822.0
29.29,924.0
30.14,946.0
30.86,909.0
30.84,822.0
30.89,689.0
30.61,528.0
29.96,343.0
29.0,169.0
27.93,29.0
26.91,0.0
25.05,0.0
23.74,0.0
22.53,0.0
21.62,0.0
21.03,0.0
20.54,0.0
20.94,0.0
20.24,0.0
19.51,11.0
20.63,158.0
22.3,136.0
22.7,166.0
23.31,144.0
23.75,174.0
23.43,204.0
24.08,155.0
23.84,226.0
23.26,252.0
22.61,244.0
22.39,381.0
22.1,241.0
21.97,72.0
21.68,23.0
21.08,0.0
20.28,0.0
20.21,0.0
20.35,0.0
20.24,0.0
19.02,0.0
18.2,0.0
17.94,0.0
17.69,0.0
17.49,60.0
19.24,140.0
22.66,259.0
25.48,559.0
27.54,717.0
29.23,781.0
30.71,928.0
31.98,950.0
32.96,904.0
33.54,822.0
33.74,648.0
33.62,493.0
32.99,354.0
31.75,172.0
30.49,29.0
28.8,0.0
26.0,0.0
24.91,0.0
23.64,0.0
22.4,0.0
21.29,0.0
20.77,0.0
20.17,0.0
19.28,0.0
18.69,58.0
19.26,203.0
20.02,352.0
21.13,519.0
22.17,717.0
24.01,840.0
24.82,924.0
25.84,946.0
26.76,905.0
27.15,823.0
27.38,691.0
27.15,528.0
26.65,352.0
25.91,171.0
25.64,39.0
23.97,0.0
23.8,0.0
22.81,0.0
21.52,0.0
20.93,0.0
19.97,0.0
19.29,0.0
18.79,0.0
18.57,0.0
18.16,56.0
19.41,176.0
21.14,74.0
22.24,129.0
23.65,171.0
24.61,162.0
24.75,182.0
25.37,276.0
25.37,372.0
24.72,317.0
24.16,283.0
23.57,285.0
22.63,171.0
22.0,104.0
21.19,3.0
20.47,0.0
19.99,0.0
19.58,0.0
19.14,0.0
18.89,0.0
18.15,0.0
17.73,0.0
17.2,0.0
17.13,0.0
17.12,43.0
18.57,205.0
21.08,382.0
22.56,562.0
24.1,711.0
25.58,838.0
26.76,923.0
27.7,940.0
28.53,895.0
29.16,814.0
29.67,682.0
29.82,531.0
29.52,355.0
28.74,172.0
27.67,29.0
26.4,0.0
25.42,0.0
24.53,0.0
23.76,0.0
22.68,0.0
21.37,0.0
20.62,0.0
20.23,0.0
20.3,0.0
20.42,51.0
20.74,198.0
21.87,159.0
21.99,203.0
22.36,145.0
22.66,107.0
23.05,162.0
23.31,204.0
23.13,175.0
22.95,219.0
23.02,644.0
22.58,504.0
22.44,322.0
21.65,170.0
20.35,22.0
19.4,0.0
18.47,0.0
17.55,0.0
16.85,0.0
16.21,0.0
16.11,0.0
15.84,0.0
15.81,0.0
16.14,0.0
16.05,23.0
16.73,67.0
16.7,92.0
16.68,206.0
17.06,112.0
17.23,143.0
17.79,145.0
18.05,462.0
18.69,321.0
19.53,376.0
20.06,402.0
19.97,244.0
19.4,208.0
18.65,108.0
17.75,21.0
16.64,0.0
15.57,0.0
14.47,0.0
14.2,0.0
13.95,0.0
13.79,0.0
13.63,0.0
13.35,0.0
13.1,0.0
12.89,33.0
13.1,121.0
13.5,260.0
14.0,357.0
14.93,462.0
16.0,553.0
17.32,865.0
19.13,954.0
20.47,943.0
21.36,859.0
21.92,726.0
22.1,568.0
21.9,388.0
21.24,196.0
19.78,34.0
18.45,0.0
17.42,0.0
16.46,0.0
15.62,0.0
15.09,0.0
14.86,0.0
14.31,0.0
13.84,0.0
13.55,0.0
13.44,58.0
15.21,225.0
19.99,408.0
23.6,585.0
25.87,741.0
27.35,865.0
28.64,947.0
29.66,966.0
30.35,935.0
30.81,851.0
30.78,719.0
30.5,556.0
28.41,373.0
25.01,140.0
22.41,19.0
21.06,0.0
19.94,0.0
18.98,0.0
18.27,0.0
17.8,0.0
17.46,0.0
17.18,0.0
16.93,0.0
16.77,0.0
16.61,26.0
16.72,81.0
17.1,147.0
17.45,185.0
18.57,262.0
19.72,409.0
20.55,300.0
21.13,158.0
21.67,108.0
22.12,119.0
23.01,319.0
23.16,362.0
22.89,283.0
22.65,172.0
20.99,28.0
20.02,0.0
19.16,0.0
18.36,0.0
17.49,0.0
16.67,0.0
16.4,0.0
16.02,0.0
15.81,0.0
15.57,0.0
15.39,25.0
15.55,85.0
15.71,171.0
16.37,312.0
17.31,473.0
18.48,643.0
20.2,844.0
21.25,683.0
22.03,456.0
23.2,513.0
23.59,594.0
23.54,462.0
23.14,337.0
22.25,194.0
20.89,25.0
19.46,0.0
18.1,0.0
16.77,0.0
16.71,0.0
16.28,0.0
15.73,0.0
15.3,0.0
14.99,0.0
14.81,0.0
14.8,36.0
14.38,141.0
15.68,376.0
16.69,509.0
18.11,490.0
19.9,482.0
21.36,893.0
22.51,953.0
23.43,927.0
24.17,844.0
24.68,712.0
24.74,551.0
24.43,369.0
23.76,179.0
22.24,27.0
20.3,0.0
18.73,0.0
18.4,0.0
18.18,0.0
17.54,0.0
17.08,0.0
16.63,0.0
16.26,0.0
15.93,0.0
15.67,46.0
15.75,202.0
17.45,389.0
19.01,571.0
20.39,717.0
21.88,862.0
23.24,950.0
24.48,970.0
25.49,939.0
26.24,850.0
26.69,717.0
26.72,549.0
26.4,345.0
25.68,141.0
24.04,16.0
22.07,0.0
21.32,0.0
21.1,0.0
20.33,0.0
18.56,0.0
17.48,0.0
16.28,0.0
14.98,0.0
14.29,0.0
13.9,21.0
15.44,135.0
20.02,166.0
22.01,261.0
23.46,609.0
24.79,854.0
26.0,937.0
27.02,962.0
27.94,926.0
28.68,843.0
28.99,707.0
28.94,546.0
28.78,364.0
27.8,177.0
26.23,24.0
24.53,0.0
22.65,0.0
21.35,0.0
20.29,0.0
19.43,0.0
18.47,0.0
17.95,0.0
17.6,0.0
17.45,0.0
17.6,41.0
19.14,185.0
23.47,362.0
26.83,535.0
28.86,695.0
29.62,823.0
30.41,889.0
30.57,903.0
30.05,869.0
30.75,381.0
30.07,63.0
27.11,48.0
26.07,44.0
25.43,23.0
24.67,10.0
23.45,0.0
22.63,0.0
21.23,0.0
20.56,0.0
20.18,0.0
19.23,0.0
18.75,0.0
18.57,0.0
18.15,0.0
17.77,21.0
18.83,109.0
21.96,291.0
24.04,318.0
25.25,518.0
26.21,576.0
26.92,863.0
27.7,730.0
28.22,802.0
28.69,794.0
27.73,368.0
26.76,53.0
26.8,41.0
26.51,17.0
24.29,5.0
23.62,0.0
22.86,0.0
22.09,0.0
21.45,0.0
21.13,0.0
20.76,0.0
19.15,0.0
18.9,0.0
18.44,0.0
18.02,25.0
19.18,48.0
22.44,33.0
24.62,49.0
25.76,377.0
26.52,629.0
28.47,878.0
29.69,912.0
28.86,897.0
26.62,811.0
25.97,671.0
26.24,371.0
25.63,287.0
22.87,121.0
21.77,15.0
21.47,0.0
21.14,0.0
20.45,0.0
19.97,0.0
19.38,0.0
18.86,0.0
18.8,0.0
19.08,0.0
18.74,0.0
18.59,9.0
18.6,131.0
18.83,147.0
19.48,296.0
20.29,503.0
21.06,460.0
21.99,760.0
22.15,565.0
22.53,609.0
23.17,463.0
22.99,486.0
23.69,385.0
23.44,344.0
23.17,168.0
22.86,21.0
21.92,0.0
21.14,0.0
20.37,0.0
19.4,0.0
18.65,0.0
18.12,0.0
17.72,0.0
17.45,0.0
17.25,0.0
17.08,34.0
18.32,190.0
21.18,369.0
22.48,544.0
23.44,702.0
24.31,807.0
25.39,797.0
26.2,824.0
27.22,840.0
27.51,807.0
27.89,681.0
27.85,526.0
27.51,349.0
27.05,162.0
25.31,19.0
24.03,0.0
23.36,0.0
22.57,0.0
22.46,0.0
22.07,0.0
21.41,0.0
20.63,0.0
19.6,0.0
18.58,0.0
17.87,32.0
18.83,134.0
22.9,290.0
24.61,542.0
25.99,696.0
27.08,819.0
28.07,901.0
28.17,183.0
27.98,80.0
27.04,73.0
26.65,105.0
27.4,138.0
27.16,109.0
27.05,73.0
24.5,9.0
23.32,0.0
22.31,0.0
21.42,0.0
20.65,0.0
20.17,0.0
19.56,0.0
19.0,0.0
18.81,0.0
18.67,0.0
18.5,33.0
19.31,143.0
19.15,234.0
19.18,193.0
19.5,256.0
20.95,556.0
22.51,542.0
23.2,669.0
23.38,573.0
23.99,273.0
23.82,284.0
22.59,212.0
21.53,157.0
20.6,93.0
19.6,5.0
18.98,0.0
18.55,0.0
18.41,0.0
18.27,0.0
18.13,0.0
17.92,0.0
17.73,0.0
17.45,0.0
17.18,0.0
17.07,17.0
17.17,105.0
17.39,179.0
17.73,316.0
18.42,480.0
19.11,551.0
20.1,752.0
21.75,813.0
23.15,878.0
23.85,825.0
24.23,693.0
24.34,534.0
24.11,355.0
23.56,168.0
22.96,18.0
22.57,0.0
21.5,0.0
20.33,0.0
19.64,0.0
18.65,0.0
17.79,0.0
17.33,0.0
16.94,0.0
16.41,0.0
15.8,29.0
17.01,175.0
20.51,338.0
21.71,486.0
22.53,574.0
23.39,545.0
23.46,136.0
23.12,152.0
23.14,552.0
23.0,798.0
23.3,601.0
23.01,415.0
22.35,326.0
21.39,87.0
19.85,13.0
18.69,0.0
18.14,0.0
17.74,0.0
17.22,0.0
16.64,0.0
16.07,0.0
15.71,0.0
15.23,0.0
14.94,0.0
14.49,15.0
14.72,87.0
15.04,246.0
15.68,269.0
16.05,347.0
17.28,618.0
18.17,477.0
19.01,886.0
19.3,465.0
19.7,365.0
19.9,114.0
19.68,202.0
19.54,157.0
18.68,81.0
17.43,18.0
16.23,0.0
15.84,0.0
15.76,0.0
15.32,0.0
15.04,0.0
13.69,0.0
12.97,0.0
12.14,0.0
11.61,0.0
11.45,27.0
12.86,177.0
17.27,364.0
20.36,532.0
22.36,698.0
23.54,748.0
24.72,834.0
25.84,886.0
26.68,596.0
26.74,580.0
26.24,690.0
25.36,482.0
24.31,309.0
23.28,165.0
22.12,13.0
20.31,0.0
19.19,0.0
18.65,0.0
18.38,0.0
18.04,0.0
17.86,0.0
17.58,0.0
17.42,0.0
17.12,0.0
17.13,15.0
17.13,62.0
17.68,110.0
17.66,127.0
18.23,458.0
19.19,479.0
19.18,792.0
19.9,623.0
20.39,655.0
20.88,427.0
21.36,403.0
20.64,388.0
20.03,217.0
19.1,118.0
18.22,12.0
17.49,0.0
16.9,0.0
16.39,0.0
16.14,0.0
15.7,0.0
15.13,0.0
14.54,0.0
14.16,0.0
13.95,0.0
13.88,19.0
14.88,80.0
16.16,225.0
16.97,537.0
18.5,582.0
19.42,613.0
21.02,839.0
22.33,897.0
22.96,883.0
23.64,806.0
23.74,690.0
23.63,529.0
23.07,351.0
22.35,160.0
21.64,10.0
20.15,0.0
19.0,0.0
18.08,0.0
17.4,0.0
16.59,0.0
15.78,0.0
15.26,0.0
15.05,0.0
14.88,0.0
14.74,19.0
15.6,171.0
19.3,353.0
20.33,354.0
20.49,205.0
21.05,349.0
21.03,149.0
20.93,183.0
20.9,191.0
21.65,141.0
21.07,123.0
20.88,135.0
19.82,147.0
18.66,20.0
17.59,8.0
17.04,0.0
16.65,0.0
16.03,0.0
15.59,0.0
15.19,0.0
14.56,0.0
13.95,0.0
13.49,0.0
13.38,0.0
13.08,5.0
13.3,64.0
13.07,71.0
12.73,64.0
13.49,96.0
13.09,124.0
13.1,125.0
13.91,321.0
14.46,273.0
15.45,95.0
16.13,138.0
16.43,217.0
16.46,278.0
16.42,85.0
15.38,7.0
14.82,0.0
14.33,0.0
13.97,0.0
13.86,0.0
13.63,0.0
13.64,0.0
13.43,0.0
13.29,0.0
13.51,0.0
13.19,15.0
14.02,61.0
16.13,166.0
17.64,47.0
18.62,61.0
19.08,77.0
18.92,419.0
20.78,412.0
21.76,88.0
22.47,77.0
20.48,60.0
17.46,46.0
17.25,66.0
17.05,46.0
16.84,5.0
16.64,0.0
16.43,0.0
16.23,0.0
16.03,0.0
15.82,0.0
15.62,0.0
15.41,0.0
15.21,0.0
15.01,0.0
14.8,10.0
14.6,156.0
14.39,333.0
19.31,443.0
20.52,514.0
21.34,335.0
22.11,234.0
22.72,163.0
23.17,510.0
21.74,235.0
20.81,338.0
19.78,81.0
21.58,139.0
20.33,13.0
18.8,6.0
17.99,0.0
17.54,0.0
17.39,0.0
17.07,0.0
16.77,0.0
16.54,0.0
16.26,0.0
16.12,0.0
16.06,0.0
15.97,1.0
16.16,49.0
16.55,133.0
17.24,230.0
17.68,514.0
17.58,595.0
17.71,752.0
17.54,221.0
18.36,93.0
19.41,340.0
20.73,671.0
20.7,152.0
20.14,319.0
19.37,141.0
18.99,4.0
17.81,0.0
16.84,0.0
15.79,0.0
15.18,0.0
14.59,0.0
13.94,0.0
13.63,0.0
13.29,0.0
13.26,0.0
13.43,8.0
14.68,155.0
17.28,333.0
18.59,183.0
19.9,692.0
20.94,754.0
21.02,791.0
20.72,760.0
20.93,553.0
20.96,412.0
20.59,120.0
20.47,45.0
20.23,200.0
19.57,66.0
19.1,0.0
18.52,0.0
18.36,0.0
17.0,0.0
17.02,0.0
16.98,0.0
16.9,0.0
16.81,0.0
16.74,0.0
16.66,0.0
16.56,5.0
16.58,15.0
16.45,63.0
16.37,46.0
16.65,228.0
17.36,97.0
17.51,218.0
17.79,367.0
18.07,276.0
18.75,142.0
19.02,154.0
18.71,192.0
18.55,109.0
18.44,60.0
17.76,0.0
17.57,0.0
17.37,0.0
17.24,0.0
17.21,0.0
17.22,0.0
16.89,0.0
16.24,0.0
15.95,0.0
15.78,0.0
15.24,4.0
15.49,104.0
16.67,246.0
18.33,371.0
18.92,625.0
19.75,706.0
20.81,667.0
21.18,720.0
22.13,757.0
22.52,638.0
22.57,502.0
22.44,467.0
22.33,229.0
21.96,77.0
20.25,0.0
18.61,0.0
17.38,0.0
16.22,0.0
15.26,0.0
14.68,0.0
14.52,0.0
14.37,0.0
14.15,0.0
13.66,0.0
13.33,5.0
13.76,152.0
17.15,339.0
18.71,513.0
20.07,652.0
21.41,778.0
22.37,800.0
23.1,789.0
23.53,721.0
23.66,572.0
23.48,460.0
23.16,291.0
22.6,228.0
21.68,121.0
20.45,0.0
18.87,0.0
18.02,0.0
17.61,0.0
16.49,0.0
15.78,0.0
15.08,0.0
14.82,0.0
14.81,0.0
14.71,0.0
14.64,0.0
15.3,107.0
18.72,234.0
20.4,452.0
21.51,666.0
22.34,800.0
23.24,838.0
23.79,744.0
23.71,724.0
23.76,534.0
23.74,411.0
23.71,301.0
23.59,162.0
22.98,68.0
21.69,0.0
20.72,0.0
19.95,0.0
18.96,0.0
18.36,0.0
17.79,0.0
17.01,0.0
16.6,0.0
16.27,0.0
16.06,0.0
15.94,0.0
16.72,120.0
19.64,274.0
21.37,462.0
23.16,554.0
24.5,734.0
26.09,876.0
27.04,897.0
25.05,871.0
25.11,782.0
25.74,648.0
24.55,62.0
22.37,32.0
20.99,26.0
19.73,0.0
18.5,0.0
18.21,0.0
18.13,0.0
17.9,0.0
17.23,0.0
16.35,0.0
16.19,0.0
15.81,0.0
15.5,0.0
15.01,0.0
15.79,99.0
18.5,151.0
19.45,457.0
21.04,601.0
22.88,686.0
24.72,632.0
24.46,604.0
25.05,497.0
25.0,277.0
24.74,563.0
24.52,468.0
23.92,292.0
23.4,115.0
22.46,0.0
21.69,0.0
21.5,0.0
21.25,0.0
20.04,0.0
18.99,0.0
18.1,0.0
17.18,0.0
16.73,0.0
16.49,0.0
16.3,0.0
16.92,87.0
20.66,279.0
23.32,428.0
25.88,590.0
26.99,803.0
27.29,870.0
25.49,547.0
24.03,492.0
24.44,113.0
24.4,156.0
23.81,257.0
22.71,117.0
21.54,26.0
20.78,0.0
19.34,0.0
18.81,0.0
18.75,0.0
18.53,0.0
17.97,0.0
17.39,0.0
17.03,0.0
16.6,0.0
16.26,0.0
16.23,0.0
16.18,70.0
15.73,137.0
15.76,163.0
16.05,258.0
16.45,365.0
17.26,540.0
17.76,386.0
18.74,431.0
19.68,188.0
19.4,357.0
19.23,245.0
19.13,106.0
18.63,48.0
17.28,0.0
16.89,0.0
16.62,0.0
16.3,0.0
16.06,0.0
15.73,0.0
15.68,0.0
15.34,0.0
14.58,0.0
14.09,0.0
14.76,0.0
14.85,68.0
15.41,153.0
16.66,221.0
17.51,380.0
17.94,362.0
18.61,621.0
19.16,527.0
19.98,346.0
20.21,295.0
19.98,397.0
19.92,404.0
19.34,156.0
19.07,10.0
18.67,0.0
18.28,0.0
17.57,0.0
18.14,0.0
17.68,0.0
16.74,0.0
16.16,0.0
15.87,0.0
14.61,0.0
14.11,0.0
13.74,0.0
13.48,89.0
14.0,268.0
14.72,282.0
15.29,494.0
16.24,796.0
16.74,216.0
17.25,610.0
16.69,772.0
16.84,438.0
16.79,265.0
16.4,166.0
16.2,148.0
15.42,74.0
14.88,0.0
14.49,0.0
13.94,0.0
13.23,0.0
12.39,0.0
12.01,0.0
11.63,0.0
11.37,0.0
11.16,0.0
10.74,0.0
10.36,0.0
11.11,105.0
13.31,262.0
14.51,345.0
15.49,614.0
16.58,435.0
17.04,806.0
18.0,460.0
18.27,609.0
18.73,694.0
18.27,596.0
17.69,318.0
17.22,287.0
16.55,109.0
15.33,0.0
14.67,0.0
14.13,0.0
13.41,0.0
12.94,0.0
12.49,0.0
12.28,0.0
11.98,0.0
11.89,0.0
11.73,0.0
11.72,0.0
11.77,64.0
14.05,191.0
15.15,316.0
15.79,473.0
16.87,455.0
17.2,143.0
18.14,879.0
18.44,359.0
18.28,397.0
18.31,308.0
18.04,344.0
17.33,197.0
16.55,83.0
15.1,0.0
14.53,0.0
14.0,0.0
13.04,0.0
12.05,0.0
11.71,0.0
11.17,0.0
10.49,0.0
10.08,0.0
9.68,0.0
9.23,0.0
9.39,131.0
12.78,322.0
14.12,495.0
15.2,566.0
16.26,611.0
17.1,762.0
17.62,600.0
17.58,736.0
17.73,762.0
17.89,561.0
17.4,467.0
17.09,238.0
16.27,53.0
14.97,0.0
14.2,0.0
13.59,0.0
13.47,0.0
12.87,0.0
12.55,0.0
11.97,0.0
11.38,0.0
10.66,0.0
9.92,0.0
9.43,0.0
9.64,130.0
13.02,319.0
15.16,469.0
16.59,646.0
18.24,771.0
19.56,873.0
20.77,898.0
21.81,874.0
21.95,777.0
21.63,638.0
21.39,479.0
20.98,284.0
20.13,100.0
18.95,0.0
17.78,0.0
16.89,0.0
16.09,0.0
14.75,0.0
13.64,0.0
13.02,0.0
12.64,0.0
11.72,0.0
11.09,0.0
10.86,0.0
11.2,92.0
15.0,257.0
17.72,383.0
19.06,406.0
20.18,408.0
21.12,341.0
21.41,388.0
22.15,351.0
22.41,160.0
21.48,200.0
20.71,87.0
19.93,35.0
19.6,28.0
18.24,0.0
17.36,0.0
16.72,0.0
16.12,0.0
15.64,0.0
15.12,0.0
14.65,0.0
14.28,0.0
13.99,0.0
13.73,0.0
13.76,0.0
13.63,73.0
14.72,168.0
14.3,153.0
15.55,348.0
16.21,384.0
17.39,482.0
17.84,338.0
18.25,170.0
18.35,114.0
18.8,115.0
18.69,113.0
18.33,38.0
17.72,64.0
16.26,0.0
16.05,0.0
15.28,0.0
15.74,0.0
15.44,0.0
14.97,0.0
14.4,0.0
13.84,0.0
13.42,0.0
13.08,0.0
12.91,0.0
12.74,59.0
12.69,119.0
14.09,281.0
15.31,339.0
16.35,308.0
16.97,291.0
17.62,340.0
18.14,287.0
17.92,253.0
17.74,231.0
17.6,215.0
16.91,158.0
16.25,52.0
15.01,0.0
14.25,0.0
14.04,0.0
14.16,0.0
13.92,0.0
13.61,0.0
13.27,0.0
12.91,0.0
12.58,0.0
12.24,0.0
11.84,0.0
11.95,68.0
12.61,292.0
14.19,251.0
15.42,0.0
16.6,601.0
16.95,496.0
17.84,357.0
18.4,299.0
18.79,288.0
18.79,265.0
18.4,183.0
18.03,127.0
17.36,54.0
16.67,0.0
15.86,0.0
15.87,0.0
15.69,0.0
15.4,0.0
14.67,0.0
13.87,0.0
14.01,0.0
13.95,0.0
13.9,0.0
13.81,0.0
13.72,60.0
13.8,98.0
14.89,151.0
16.04,293.0
16.87,235.0
17.18,194.0
17.02,139.0
16.87,134.0
16.13,179.0
15.9,90.0
15.53,200.0
15.38,96.0
14.9,61.0
13.69,0.0
13.16,0.0
12.88,0.0
12.63,0.0
12.31,0.0
11.78,0.0
11.29,0.0
12.33,0.0
12.06,0.0
9.96,0.0
9.76,0.0
9.88,110.0
12.5,289.0
13.87,480.0
15.17,659.0
16.5,778.0
17.52,779.0
18.37,805.0
18.65,823.0
19.17,634.0
19.17,417.0
18.81,348.0
18.31,234.0
17.62,65.0
16.03,0.0
14.94,0.0
14.08,0.0
13.7,0.0
13.39,0.0
12.7,0.0
11.74,0.0
11.07,0.0
10.81,0.0
10.36,0.0
9.76,0.0
9.68,99.0
12.91,280.0
16.05,470.0
17.38,617.0
18.52,740.0
19.9,840.0
20.77,863.0
21.44,837.0
21.76,747.0
21.88,603.0
21.67,368.0
21.26,202.0
20.42,62.0
19.28,0.0
18.11,0.0
16.97,0.0
16.54,0.0
15.98,0.0
15.23,0.0
14.44,0.0
13.84,0.0
13.4,0.0
13.31,0.0
13.35,0.0
13.7,71.0
16.08,268.0
20.12,462.0
21.51,628.0
22.67,738.0
23.72,810.0
24.67,837.0
25.49,785.0
26.04,723.0
26.13,589.0
25.74,433.0
25.17,242.0
24.05,69.0
22.76,0.0
21.03,0.0
19.74,0.0
18.39,0.0
18.32,0.0
16.89,0.0
15.98,0.0
15.31,0.0
15.15,0.0
15.32,0.0
15.18,0.0
15.02,90.0
18.07,262.0
19.26,372.0
19.02,333.0
19.59,156.0
20.55,386.0
21.56,370.0
22.52,618.0
22.92,595.0
24.03,571.0
24.51,315.0
23.56,125.0
21.94,33.0
20.92,0.0
19.89,0.0
19.07,0.0
18.84,0.0
18.64,0.0
18.46,0.0
18.33,0.0
18.09,0.0
17.84,0.0
17.68,0.0
17.6,0.0
17.51,52.0
18.3,147.0
19.13,227.0
21.35,552.0
22.22,735.0
22.83,821.0
23.5,834.0
23.65,803.0
23.98,698.0
23.83,563.0
23.71,419.0
23.39,231.0
22.85,57.0
21.53,0.0
20.25,0.0
19.4,0.0
18.47,0.0
17.48,0.0
16.8,0.0
16.31,0.0
15.82,0.0
15.4,0.0
15.29,0.0
15.25,0.0
15.19,92.0
17.29,275.0
21.81,449.0
23.13,620.0
23.96,653.0
24.62,794.0
25.09,776.0
25.14,636.0
24.77,580.0
24.55,457.0
24.15,274.0
23.7,113.0
23.12,49.0
20.91,0.0
19.91,0.0
19.35,0.0
18.78,0.0
18.26,0.0
17.17,0.0
17.12,0.0
16.77,0.0
16.39,0.0
16.11,0.0
15.9,0.0
15.75,65.0
15.9,152.0
15.83,145.0
16.85,144.0
17.59,178.0
17.87,345.0
18.05,132.0
18.57,143.0
19.01,208.0
18.86,123.0
18.92,188.0
18.58,109.0
17.98,34.0
16.87,0.0
16.71,0.0
16.45,0.0
16.4,0.0
16.43,0.0
16.12,0.0
15.77,0.0
15.4,0.0
15.33,0.0
15.38,0.0
15.46,0.0
15.46,46.0
15.85,150.0
16.05,164.0
16.58,249.0
16.82,216.0
17.33,320.0
18.32,280.0
19.23,230.0
19.33,241.0
19.89,126.0
19.71,75.0
19.34,55.0
19.0,27.0
17.77,0.0
17.41,0.0
17.08,0.0
16.8,0.0
16.35,0.0
16.0,0.0
15.9,0.0
15.7,0.0
15.51,0.0
15.32,0.0
15.08,0.0
15.09,55.0
15.3,209.0
16.69,374.0
17.9,569.0
18.89,534.0
19.62,629.0
20.6,414.0
21.54,650.0
21.98,648.0
21.99,521.0
21.28,381.0
20.63,198.0
19.98,42.0
19.34,0.0
18.69,0.0
18.04,0.0
17.39,0.0
16.74,0.0
16.09,0.0
15.44,0.0
14.79,0.0
14.15,0.0
13.5,0.0
12.85,0.0
12.2,70.0
11.55,185.0
17.57,355.0
19.11,616.0
20.07,735.0
20.88,830.0
21.76,860.0
22.54,817.0
23.03,712.0
23.16,575.0
22.93,401.0
22.36,213.0
21.04,31.0
19.53,0.0
18.3,0.0
16.89,0.0
15.81,0.0
14.78,0.0
14.01,0.0
13.3,0.0
12.82,0.0
12.46,0.0
12.18,0.0
11.93,0.0
11.95,82.0
14.65,267.0
18.0,454.0
19.41,621.0
20.72,754.0
21.76,832.0
22.64,858.0
23.27,815.0
23.63,716.0
23.73,578.0
23.44,398.0
22.88,212.0
21.68,29.0
19.93,0.0
18.18,0.0
16.55,0.0
15.15,0.0
14.07,0.0
13.39,0.0
12.86,0.0
12.42,0.0
12.04,0.0
11.71,0.0
11.44,0.0
11.39,80.0
13.51,263.0
18.67,451.0
20.72,614.0
21.97,754.0
23.02,824.0
23.86,854.0
24.38,806.0
24.64,707.0
24.7,573.0
24.4,394.0
23.76,207.0
22.59,26.0
20.31,0.0
19.13,0.0
17.66,0.0
16.29,0.0
15.35,0.0
14.75,0.0
14.26,0.0
13.94,0.0
13.79,0.0
13.9,0.0
13.98,0.0
13.75,51.0
16.76,180.0
18.77,376.0
19.54,374.0
20.54,434.0
21.27,618.0
21.97,556.0
21.78,747.0
21.35,496.0
21.63,132.0
21.53,123.0
21.08,92.0
20.06,13.0
19.04,0.0
18.68,0.0
18.21,0.0
17.89,0.0
17.91,0.0
17.17,0.0
17.07,0.0
16.81,0.0
16.51,0.0
16.31,0.0
16.6,0.0
16.54,36.0
16.81,111.0
17.4,257.0
18.22,514.0
19.09,335.0
20.22,287.0
21.09,358.0
21.75,464.0
22.32,275.0
22.16,282.0
22.12,187.0
21.57,146.0
20.88,17.0
19.6,0.0
18.76,0.0
18.14,0.0
17.15,0.0
16.19,0.0
15.69,0.0
15.36,0.0
15.26,0.0
14.92,0.0
14.41,0.0
13.82,0.0
13.78,46.0
16.2,240.0
20.79,374.0
23.01,530.0
24.25,556.0
24.92,661.0
25.34,749.0
25.36,515.0
25.67,438.0
25.86,507.0
25.61,301.0
24.67,176.0
23.21,14.0
22.06,0.0
20.61,0.0
18.09,0.0
17.8,0.0
18.5,0.0
16.67,0.0
15.8,0.0
15.48,0.0
15.23,0.0
14.4,0.0
13.85,0.0
13.73,47.0
16.24,161.0
21.86,267.0
21.97,508.0
23.64,706.0
24.72,773.0
25.74,652.0
26.44,728.0
26.75,646.0
26.17,61.0
25.22,58.0
24.36,176.0
23.41,11.0
22.77,0.0
21.28,0.0
20.61,0.0
20.46,0.0
19.52,0.0
18.31,0.0
19.1,0.0
17.09,0.0
17.28,0.0
17.03,0.0
16.68,0.0
16.55,42.0
18.79,173.0
19.61,157.0
19.23,170.0
20.23,123.0
21.16,600.0
22.36,736.0
22.42,743.0
22.0,501.0
22.24,382.0
22.1,242.0
21.21,157.0
20.63,6.0
19.51,0.0
18.59,0.0
17.88,0.0
17.2,0.0
16.5,0.0
15.89,0.0
15.05,0.0
14.65,0.0
14.53,0.0
14.13,0.0
14.13,0.0
13.92,41.0
15.69,101.0
19.76,423.0
21.61,256.0
22.82,661.0
23.69,777.0
24.18,795.0
24.39,759.0
24.35,661.0
24.34,523.0
23.84,349.0
23.18,166.0
22.04,7.0
20.88,0.0
19.7,0.0
18.43,0.0
17.31,0.0
16.57,0.0
15.96,0.0
15.65,0.0
15.22,0.0
13.88,0.0
13.55,0.0
13.44,0.0
13.35,56.0
15.64,235.0
21.04,418.0
23.44,582.0
24.56,711.0
25.27,786.0
25.79,804.0
26.07,763.0
26.26,660.0
26.14,521.0
25.78,346.0
25.12,162.0
23.78,5.0
21.92,0.0
20.39,0.0
18.86,0.0
17.64,0.0
16.95,0.0
16.18,0.0
15.59,0.0
15.21,0.0
14.85,0.0
14.56,0.0
14.37,0.0
14.37,53.0
16.37,226.0
20.91,412.0
22.27,574.0
22.92,702.0
23.6,769.0
24.35,799.0
24.83,749.0
25.11,647.0
24.98,477.0
24.53,336.0
23.81,152.0
22.34,0.0
20.36,0.0
18.73,0.0
17.83,0.0
16.9,0.0
15.9,0.0
15.05,0.0
14.16,0.0
13.76,0.0
13.49,0.0
13.18,0.0
12.79,0.0
12.79,38.0
14.56,181.0
18.48,362.0
19.88,572.0
20.93,684.0
21.76,753.0
22.62,783.0
23.12,746.0
23.47,650.0
23.36,506.0
22.98,330.0
22.35,148.0
21.6,0.0
18.84,0.0
17.77,0.0
16.57,0.0
15.48,0.0
14.52,0.0
13.96,0.0
13.51,0.0
12.77,0.0
12.35,0.0
11.97,0.0
11.69,0.0
11.4,49.0
13.3,225.0
18.06,414.0
20.21,566.0
21.39,701.0
22.24,771.0
22.86,775.0
23.29,754.0
23.58,656.0
23.44,512.0
23.13,333.0
22.53,147.0
21.21,0.0
19.65,0.0
18.06,0.0
16.54,0.0
15.43,0.0
14.57,0.0
13.92,0.0
13.5,0.0
13.09,0.0
12.92,0.0
12.84,0.0
12.72,0.0
11.82,22.0
13.7,104.0
18.33,122.0
20.51,307.0
21.78,560.0
22.96,68.0
23.73,69.0
23.89,277.0
24.01,104.0
22.92,74.0
21.76,125.0
20.33,70.0
19.18,0.0
18.32,0.0
17.94,0.0
17.11,0.0
16.1,0.0
15.45,0.0
15.04,0.0
14.64,0.0
14.24,0.0
13.86,0.0
13.72,0.0
13.46,0.0
13.36,33.0
14.39,224.0
18.06,367.0
20.18,84.0
21.58,137.0
22.44,142.0
22.28,267.0
22.36,425.0
22.04,626.0
21.24,462.0
20.91,308.0
20.69,124.0
19.65,0.0
18.42,0.0
17.37,0.0
16.37,0.0
15.49,0.0
14.99,0.0
14.55,0.0
14.3,0.0
14.24,0.0
14.25,0.0
14.47,0.0
14.35,0.0
14.16,15.0
15.76,108.0
19.37,239.0
22.14,378.0
24.15,476.0
25.14,409.0
25.76,659.0
26.29,714.0
26.46,460.0
25.78,398.0
25.4,156.0
24.28,57.0
22.99,0.0
22.3,0.0
21.12,0.0
19.98,0.0
19.78,0.0
19.66,0.0
19.56,0.0
19.49,0.0
19.08,0.0
18.68,0.0
18.41,0.0
18.13,0.0
17.47,36.0
17.89,196.0
20.11,389.0
22.81,544.0
24.7,676.0
25.83,744.0
26.38,756.0
26.39,709.0
25.15,550.0
24.06,474.0
23.74,303.0
23.29,125.0
22.3,0.0
21.97,0.0
19.95,0.0
19.06,0.0
18.51,0.0
18.16,0.0
15.74,0.0
15.42,0.0
15.26,0.0
14.97,0.0
14.89,0.0
14.55,0.0
16.06,37.0
16.37,131.0
19.13,380.0
20.41,308.0
23.76,523.0
23.33,729.0
24.05,687.0
24.06,667.0
24.13,425.0
24.12,462.0
23.67,291.0
22.9,103.0
21.3,0.0
19.88,0.0
19.17,0.0
18.54,0.0
18.29,0.0
17.99,0.0
17.85,0.0
17.75,0.0
17.73,0.0
17.47,0.0
17.11,0.0
17.03,0.0
17.0,9.0
17.63,86.0
19.73,374.0
22.22,527.0
23.57,641.0
24.91,699.0
25.25,736.0
25.34,701.0
24.4,228.0
22.8,430.0
22.06,268.0
21.88,114.0
21.06,0.0
20.18,0.0
19.22,0.0
18.43,0.0
17.98,0.0
17.5,0.0
17.1,0.0
14.89,0.0
16.27,0.0
16.05,0.0
15.88,0.0
15.75,0.0
15.67,33.0
14.82,196.0
19.13,372.0
21.69,550.0
23.41,533.0
24.13,641.0
23.73,440.0
24.3,481.0
24.48,561.0
23.89,452.0
23.13,299.0
22.11,80.0
20.7,0.0
19.39,0.0
17.13,0.0
15.95,0.0
15.25,0.0
14.46,0.0
13.93,0.0
13.47,0.0
12.95,0.0
12.82,0.0
13.15,0.0
12.77,0.0
12.4,24.0
13.86,155.0
18.52,366.0
19.17,502.0
20.67,629.0
21.39,678.0
21.94,714.0
21.78,657.0
21.19,529.0
20.88,359.0
20.46,215.0
20.19,79.0
19.25,0.0
18.29,0.0
18.09,0.0
16.92,0.0
15.74,0.0
14.74,0.0
14.43,0.0
14.39,0.0
14.07,0.0
13.53,0.0
13.05,0.0
12.71,0.0
12.38,17.0
14.02,82.0
16.54,224.0
17.39,253.0
17.98,396.0
18.86,321.0
20.29,193.0
19.11,300.0
18.68,235.0
19.11,211.0
18.93,134.0
18.85,55.0
17.93,0.0
17.13,0.0
17.47,0.0
16.38,0.0
15.85,0.0
15.21,0.0
15.01,0.0
14.87,0.0
14.51,0.0
14.01,0.0
13.66,0.0
13.4,0.0
13.16,3.0
12.73,132.0
13.42,158.0
13.95,352.0
14.73,401.0
15.46,448.0
16.33,270.0
16.21,458.0
16.34,142.0
15.94,145.0
15.48,142.0
15.14,56.0
14.53,0.0
13.35,0.0
13.12,0.0
12.66,0.0
11.96,0.0
11.61,0.0
11.64,0.0
11.94,0.0
11.68,0.0
11.4,0.0
10.58,0.0
10.46,0.0
9.75,24.0
10.63,171.0
13.77,303.0
15.06,442.0
15.96,416.0
16.67,218.0
17.4,537.0
17.27,329.0
17.07,567.0
16.86,406.0
16.59,260.0
15.74,82.0
14.73,0.0
13.45,0.0
12.64,0.0
12.03,0.0
11.43,0.0
11.15,0.0
10.74,0.0
10.38,0.0
10.21,0.0
9.94,0.0
10.01,0.0
10.6,0.0
11.13,20.0
9.34,185.0
12.47,370.0
14.11,527.0
15.42,658.0
16.39,721.0
17.21,730.0
17.64,691.0
17.73,590.0
17.57,374.0
17.26,249.0
16.59,83.0
15.34,0.0
14.1,0.0
13.12,0.0
11.96,0.0
10.81,0.0
10.0,0.0
9.21,0.0
8.79,0.0
8.45,0.0
8.12,0.0
7.9,0.0
7.76,0.0
7.43,18.0
8.66,182.0
13.27,363.0
15.53,519.0
16.91,645.0
17.97,703.0
18.75,711.0
19.19,677.0
19.4,576.0
19.27,436.0
18.66,255.0
17.86,80.0
16.85,0.0
14.86,0.0
14.42,0.0
13.36,0.0
12.33,0.0
11.4,0.0
10.77,0.0
10.42,0.0
10.24,0.0
10.4,0.0
9.89,0.0
9.5,0.0
9.48,16.0
10.11,176.0
15.1,354.0
18.59,508.0
20.22,633.0
21.17,687.0
22.02,698.0
22.43,664.0
22.44,564.0
22.1,422.0
21.41,244.0
20.34,72.0
18.42,0.0
17.66,0.0
16.64,0.0
15.88,0.0
14.73,0.0
14.28,0.0
13.91,0.0
13.59,0.0
13.7,0.0
13.26,0.0
13.03,0.0
12.69,0.0
12.42,7.0
13.3,107.0
15.84,126.0
20.1,199.0
21.78,384.0
22.34,104.0
22.86,270.0
22.68,203.0
22.25,201.0
21.13,156.0
19.97,83.0
19.15,32.0
18.09,0.0
17.69,0.0
16.77,0.0
16.5,0.0
15.16,0.0
14.51,0.0
13.86,0.0
13.37,0.0
13.36,0.0
13.2,0.0
13.24,0.0
13.22,0.0
12.45,8.0
13.73,146.0
16.95,282.0
18.74,258.0
19.87,391.0
20.79,467.0
20.74,434.0
20.74,387.0
20.15,124.0
19.9,190.0
19.43,21.0
18.93,6.0
17.83,0.0
16.89,0.0
15.99,0.0
15.51,0.0
15.63,0.0
15.71,0.0
15.63,0.0
15.59,0.0
15.48,0.0
15.53,0.0
15.58,0.0
15.58,0.0
15.57,7.0
15.67,90.0
15.94,166.0
16.24,215.0
16.5,263.0
16.76,150.0
17.36,98.0
17.67,252.0
20.34,100.0
18.65,313.0
16.97,181.0
16.7,45.0
16.42,0.0
16.15,0.0
15.87,0.0
15.6,0.0
15.32,0.0
15.05,0.0
14.77,0.0
14.5,0.0
14.22,0.0
13.95,0.0
13.67,0.0
13.4,0.0
13.12,1.0
12.85,157.0
16.48,351.0
20.94,509.0
22.71,643.0
23.56,717.0
23.96,727.0
24.03,670.0
23.93,560.0
23.61,414.0
22.96,236.0
21.87,45.0
19.93,0.0
19.57,0.0
17.96,0.0
16.12,0.0
15.02,0.0
14.26,0.0
14.04,0.0
13.43,0.0
13.24,0.0
12.91,0.0
12.55,0.0
12.13,0.0
11.73,0.0
12.01,172.0
15.62,352.0
20.83,511.0
22.58,642.0
23.42,712.0
24.06,722.0
24.43,669.0
24.5,560.0
24.21,413.0
23.6,238.0
22.61,42.0
20.41,0.0
18.76,0.0
17.61,0.0
15.5,0.0
14.4,0.0
13.83,0.0
13.5,0.0
13.04,0.0
12.59,0.0
12.12,0.0
11.85,0.0
11.66,0.0
11.61,0.0
11.64,168.0
14.87,350.0
20.65,508.0
23.0,636.0
23.98,706.0
24.68,716.0
25.08,662.0
25.13,554.0
24.88,409.0
24.28,231.0
23.65,39.0
20.39,0.0
18.33,0.0
16.43,0.0
14.52,0.0
13.28,0.0
12.6,0.0
12.17,0.0
11.78,0.0
11.44,0.0
11.08,0.0
10.67,0.0
10.33,0.0
10.06,0.0
10.55,160.0
14.77,339.0
18.65,499.0
20.29,625.0
21.51,697.0
22.54,703.0
23.13,653.0
23.28,542.0
22.98,394.0
22.29,217.0
21.0,34.0
19.58,0.0
17.6,0.0
16.28,0.0
14.71,0.0
13.42,0.0
12.38,0.0
11.66,0.0
11.14,0.0
10.82,0.0
10.54,0.0
10.35,0.0
10.21,0.0
10.01,0.0
10.77,103.0
14.77,172.0
17.61,123.0
18.62,228.0
19.45,364.0
20.41,282.0
21.08,392.0
21.46,404.0
21.5,325.0
21.15,204.0
20.32,29.0
19.71,0.0
16.99,0.0
15.63,0.0
13.93,0.0
12.8,0.0
12.16,0.0
11.64,0.0
11.32,0.0
10.5,0.0
10.18,0.0
9.89,0.0
9.6,0.0
9.42,0.0
9.5,146.0
14.58,323.0
18.23,476.0
19.41,402.0
19.8,292.0
20.47,428.0
21.04,232.0
20.65,78.0
19.72,82.0
18.8,139.0
17.81,28.0
16.71,0.0
15.98,0.0
15.39,0.0
14.97,0.0
14.69,0.0
14.44,0.0
13.64,0.0
13.39,0.0
13.06,0.0
12.63,0.0
12.23,0.0
11.67,0.0
11.07,0.0
10.71,56.0
11.2,63.0
11.87,107.0
12.52,487.0
12.91,384.0
13.08,131.0
12.69,123.0
12.85,50.0
12.69,133.0
12.24,99.0
11.62,17.0
10.85,0.0
10.33,0.0
9.92,0.0
9.8,0.0
9.74,0.0
9.35,0.0
9.21,0.0
9.04,0.0
8.92,0.0
8.84,0.0
8.51,0.0
8.74,0.0
8.28,0.0
9.04,101.0
10.51,211.0
10.44,151.0
11.36,474.0
11.96,335.0
12.93,491.0
13.15,349.0
13.33,79.0
13.19,195.0
12.94,127.0
12.48,16.0
11.94,0.0
11.37,0.0
11.26,0.0
11.3,0.0
11.33,0.0
11.22,0.0
10.72,0.0
10.04,0.0
9.36,0.0
9.27,0.0
9.64,0.0
9.57,0.0
9.71,0.0
10.04,106.0
11.37,122.0
12.91,92.0
13.89,277.0
14.77,637.0
15.71,617.0
16.2,435.0
16.5,308.0
16.32,329.0
15.78,177.0
15.49,17.0
14.48,0.0
14.57,0.0
13.77,0.0
12.65,0.0
11.51,0.0
10.92,0.0
10.27,0.0
9.69,0.0
9.45,0.0
9.24,0.0
9.0,0.0
8.79,0.0
8.74,0.0
9.38,133.0
13.48,311.0
16.89,460.0
18.7,585.0
19.97,644.0
20.72,652.0
21.27,605.0
21.47,497.0
21.41,353.0
21.03,182.0
19.91,12.0
18.15,0.0
16.45,0.0
14.9,0.0
13.57,0.0
12.76,0.0
12.17,0.0
11.65,0.0
11.22,0.0
10.01,0.0
9.66,0.0
9.33,0.0
9.05,0.0
8.82,0.0
8.87,135.0
13.46,310.0
18.27,464.0
20.29,584.0
21.38,646.0
22.29,661.0
22.94,609.0
23.28,498.0
23.11,352.0
22.48,179.0
21.74,9.0
18.93,0.0
17.89,0.0
15.1,0.0
13.05,0.0
12.05,0.0
11.32,0.0
10.78,0.0
10.24,0.0
9.95,0.0
9.65,0.0
9.38,0.0
9.11,0.0
8.84,0.0
9.18,125.0
13.16,299.0
17.25,455.0
18.99,573.0
20.17,624.0
21.09,624.0
21.68,594.0
21.94,482.0
21.72,341.0
20.92,166.0
19.29,7.0
19.01,0.0
17.05,0.0
16.2,0.0
14.53,0.0
12.84,0.0
11.72,0.0
12.26,0.0
13.07,0.0
12.98,0.0
12.9,0.0
12.94,0.0
12.99,0.0
12.93,0.0
12.26,60.0
12.59,108.0
15.03,88.0
16.14,191.0
17.24,306.0
17.98,360.0
18.5,552.0
18.59,478.0
18.3,338.0
17.8,169.0
16.79,5.0
15.41,0.0
14.34,0.0
13.24,0.0
12.09,0.0
10.84,0.0
9.95,0.0
9.38,0.0
8.98,0.0
8.54,0.0
8.18,0.0
7.86,0.0
7.54,0.0
7.25,0.0
7.34,126.0
11.3,294.0
15.7,452.0
17.28,572.0
18.26,637.0
19.05,647.0
19.49,595.0
19.6,486.0
19.34,339.0
18.75,167.0
17.48,0.0
15.48,0.0
14.37,0.0
12.61,0.0
11.08,0.0
10.25,0.0
9.83,0.0
9.7,0.0
9.46,0.0
9.25,0.0
9.28,0.0
9.24,0.0
9.19,0.0
9.01,0.0
8.66,118.0
11.85,290.0
17.21,441.0
19.67,558.0
20.84,619.0
21.45,632.0
21.72,577.0
21.67,475.0
21.28,330.0
20.48,158.0
19.45,0.0
17.3,0.0
15.63,0.0
14.61,0.0
13.01,0.0
11.84,0.0
11.32,0.0
11.09,0.0
11.02,0.0
10.5,0.0
9.74,0.0
9.25,0.0
8.91,0.0
8.63,0.0
8.76,78.0
12.13,172.0
17.0,283.0
18.35,532.0
19.28,610.0
19.82,624.0
20.16,572.0
20.29,462.0
20.01,317.0
19.32,145.0
18.3,0.0
17.84,0.0
15.95,0.0
14.33,0.0
12.71,0.0
11.13,0.0
9.91,0.0
9.53,0.0
8.39,0.0
8.12,0.0
7.86,0.0
7.63,0.0
7.5,0.0
7.31,0.0
7.38,82.0
10.88,288.0
15.58,410.0
18.52,521.0
19.98,611.0
20.8,617.0
21.17,568.0
21.18,458.0
20.77,315.0
19.73,147.0
18.03,0.0
16.27,0.0
14.78,0.0
13.08,0.0
11.65,0.0
11.17,0.0
10.29,0.0
9.68,0.0
9.32,0.0
9.62,0.0
9.54,0.0
9.58,0.0
9.64,0.0
10.32,0.0
8.94,85.0
11.55,137.0
16.69,137.0
18.03,289.0
19.03,374.0
19.92,453.0
19.96,391.0
19.64,391.0
19.11,216.0
18.15,119.0
16.98,0.0
15.42,0.0
13.98,0.0
13.48,0.0
12.3,0.0
11.31,0.0
10.71,0.0
10.5,0.0
10.08,0.0
10.58,0.0
11.49,0.0
12.16,0.0
12.2,0.0
12.07,0.0
12.25,61.0
12.99,166.0
13.91,37.0
12.63,104.0
11.8,65.0
11.49,53.0
11.02,49.0
10.93,39.0
10.69,101.0
11.0,64.0
10.7,0.0
10.4,0.0
9.13,0.0
9.16,0.0
9.11,0.0
8.99,0.0
8.02,0.0
6.95,0.0
7.95,0.0
7.93,0.0
7.68,0.0
7.75,0.0
7.39,0.0
7.02,0.0
5.51,75.0
7.6,210.0
8.61,390.0
9.87,510.0
10.78,566.0
11.3,594.0
11.49,522.0
11.48,379.0
11.26,299.0
10.75,133.0
10.03,0.0
9.22,0.0
8.65,0.0
7.93,0.0
7.25,0.0
6.87,0.0
6.29,0.0
5.67,0.0
4.94,0.0
4.59,0.0
4.39,0.0
4.41,0.0
4.24,0.0
3.99,0.0
2.67,94.0
5.92,258.0
8.88,414.0
10.4,533.0
11.47,593.0
12.36,598.0
13.06,546.0
13.3,441.0
13.08,299.0
12.39,129.0
11.26,0.0
10.09,0.0
9.11,0.0
7.99,0.0
7.12,0.0
6.7,0.0
6.72,0.0
6.39,0.0
6.74,0.0
6.46,0.0
6.1,0.0
5.82,0.0
5.63,0.0
5.78,0.0
5.39,92.0
8.25,260.0
13.27,408.0
16.09,520.0
17.53,579.0
18.19,587.0
18.35,538.0
18.21,432.0
17.72,289.0
16.71,122.0
14.93,0.0
13.63,0.0
12.77,0.0
10.96,0.0
9.8,0.0
9.73,0.0
9.59,0.0
9.56,0.0
9.63,0.0
9.54,0.0
9.71,0.0
9.63,0.0
9.58,0.0
9.66,0.0
10.14,78.0
12.32,251.0
16.12,394.0
19.1,506.0
20.74,570.0
21.58,575.0
21.88,515.0
21.89,329.0
21.56,275.0
20.21,113.0
18.34,0.0
16.58,0.0
15.1,0.0
14.07,0.0
13.53,0.0
13.29,0.0
13.17,0.0
12.91,0.0
12.35,0.0
12.06,0.0
11.73,0.0
11.3,0.0
11.46,0.0
11.72,0.0
12.11,40.0
13.84,32.0
16.48,196.0
18.11,314.0
18.39,289.0
17.97,100.0
17.11,91.0
16.38,77.0
15.77,48.0
15.08,53.0
14.35,0.0
12.69,0.0
11.83,0.0
11.79,0.0
11.57,0.0
11.24,0.0
11.06,0.0
11.17,0.0
10.92,0.0
10.23,0.0
9.48,0.0
8.47,0.0
7.61,0.0
6.27,0.0
7.45,48.0
9.79,124.0
12.82,304.0
12.48,352.0
13.39,386.0
14.47,516.0
14.7,517.0
14.73,414.0
14.29,273.0
13.89,108.0
12.16,0.0
11.22,0.0
10.1,0.0
9.19,0.0
8.14,0.0
7.6,0.0
7.3,0.0
7.04,0.0
6.73,0.0
6.47,0.0
6.27,0.0
6.11,0.0
6.09,0.0
6.01,0.0
5.93,76.0
8.17,238.0
12.39,385.0
14.91,493.0
16.22,538.0
17.1,548.0
17.77,509.0
17.9,351.0
17.48,153.0
16.41,58.0
15.03,0.0
14.15,0.0
13.83,0.0
13.94,0.0
14.0,0.0
14.2,0.0
14.41,0.0
14.39,0.0
13.94,0.0
13.73,0.0
13.26,0.0
12.47,0.0
11.78,0.0
10.81,0.0
10.3,32.0
10.93,39.0
13.83,162.0
13.01,242.0
14.3,96.0
14.17,298.0
13.79,165.0
14.02,59.0
14.5,111.0
13.64,8.0
12.65,0.0
11.66,0.0
11.55,0.0
11.15,0.0
10.92,0.0
10.88,0.0
10.88,0.0
10.27,0.0
9.99,0.0
9.74,0.0
9.81,0.0
9.69,0.0
9.82,0.0
10.16,0.0
10.01,6.0
11.03,80.0
12.45,222.0
13.13,250.0
13.5,238.0
13.73,174.0
13.87,165.0
13.7,101.0
13.44,82.0
13.1,43.0
12.72,0.0
12.4,0.0
12.23,0.0
12.16,0.0
12.0,0.0
11.71,0.0
10.96,0.0
11.11,0.0
11.48,0.0
11.59,0.0
11.36,0.0
11.08,0.0
10.91,0.0
11.01,0.0
11.87,64.0
12.48,88.0
13.47,57.0
14.02,373.0
14.52,369.0
14.32,233.0
14.46,247.0
14.67,78.0
14.65,121.0
14.41,61.0
13.62,0.0
13.06,0.0
12.0,0.0
11.09,0.0
10.38,0.0
10.05,0.0
10.09,0.0
9.36,0.0
8.67,0.0
8.18,0.0
7.9,0.0
7.49,0.0
7.74,0.0
8.02,0.0
8.12,31.0
10.59,70.0
13.77,87.0
14.5,113.0
15.03,189.0
15.69,377.0
16.01,210.0
16.11,184.0
15.9,171.0
15.5,75.0
14.74,0.0
13.84,0.0
13.05,0.0
11.99,0.0
10.89,0.0
10.17,0.0
9.76,0.0
9.76,0.0
9.67,0.0
8.7,0.0
8.6,0.0
8.46,0.0
8.5,0.0
8.49,0.0
8.25,56.0
10.4,210.0
14.84,368.0
17.96,453.0
19.56,529.0
20.36,467.0
20.58,463.0
20.4,347.0
19.93,229.0
16.33,68.0
15.93,0.0
15.53,0.0
15.13,0.0
14.73,0.0
14.33,0.0
13.93,0.0
13.53,0.0
13.13,0.0
12.73,0.0
12.33,0.0
11.93,0.0
11.53,0.0
11.13,0.0
10.73,0.0
10.33,5.0
12.69,115.0
12.92,121.0
14.0,264.0
14.16,106.0
14.8,459.0
14.87,350.0
15.22,325.0
15.33,230.0
14.93,57.0
14.08,0.0
13.49,0.0
13.23,0.0
12.81,0.0
12.45,0.0
12.18,0.0
11.91,0.0
11.63,0.0
11.46,0.0
11.62,0.0
11.51,0.0
11.48,0.0
11.43,0.0
11.07,0.0
11.08,31.0
12.72,152.0
16.7,253.0
19.75,422.0
20.66,387.0
20.95,69.0
21.02,226.0
20.28,146.0
19.28,71.0
18.5,23.0
17.88,0.0
17.6,0.0
17.26,0.0
17.11,0.0
16.95,0.0
16.83,0.0
16.41,0.0
16.29,0.0
16.35,0.0
16.05,0.0
15.42,0.0
12.67,0.0
12.32,0.0
12.0,0.0
11.54,32.0
12.84,113.0
16.43,182.0
18.18,176.0
18.75,276.0
17.76,95.0
17.64,62.0
17.66,93.0
17.41,116.0
16.13,21.0
14.74,0.0
13.78,0.0
10.99,0.0
9.55,0.0
8.54,0.0
8.05,0.0
7.83,0.0
7.8,0.0
7.56,0.0
9.08,0.0
9.0,0.0
9.23,0.0
9.5,0.0
9.44,0.0
8.95,8.0
9.7,157.0
12.14,264.0
13.96,332.0
15.36,169.0
14.68,389.0
14.45,156.0
14.14,175.0
13.46,85.0
12.4,37.0
12.08,0.0
11.68,0.0
12.11,0.0
10.86,0.0
10.34,0.0
9.98,0.0
9.92,0.0
9.73,0.0
9.74,0.0
9.8,0.0
9.67,0.0
9.49,0.0
9.33,0.0
9.26,0.0
9.3,32.0
9.33,72.0
9.53,172.0
9.62,113.0
9.78,99.0
9.7,110.0
9.57,71.0
9.51,63.0
9.51,68.0
9.41,25.0
9.27,0.0
9.36,0.0
9.52,0.0
9.6,0.0
9.56,0.0
9.47,0.0
9.34,0.0
9.27,0.0
9.17,0.0
9.15,0.0
9.12,0.0
9.13,0.0
9.05,0.0
8.98,0.0
9.09,26.0
9.18,62.0
9.22,75.0
9.38,39.0
9.59,45.0
9.83,78.0
10.03,120.0
10.27,42.0
10.41,66.0
10.53,28.0
10.59,0.0
10.62,0.0
10.9,0.0
10.98,0.0
10.99,0.0
10.93,0.0
10.87,0.0
10.81,0.0
10.68,0.0
10.58,0.0
10.49,0.0
10.44,0.0
10.41,0.0
10.37,0.0
10.14,29.0
10.07,102.0
10.14,52.0
10.59,142.0
11.21,242.0
11.73,205.0
11.55,97.0
11.54,70.0
11.41,40.0
11.07,39.0
10.8,0.0
10.6,0.0
10.34,0.0
9.92,0.0
9.54,0.0
9.23,0.0
8.84,0.0
8.4,0.0
8.54,0.0
8.1,0.0
7.79,0.0
7.48,0.0
7.51,0.0
7.84,0.0
8.3,27.0
8.82,134.0
11.25,299.0
12.5,310.0
13.37,355.0
14.18,411.0
14.41,389.0
13.89,218.0
13.85,131.0
13.36,51.0
12.3,0.0
11.4,0.0
10.63,0.0
9.58,0.0
8.98,0.0
8.73,0.0
8.49,0.0
8.39,0.0
8.33,0.0
8.29,0.0
8.04,0.0
8.16,0.0
8.31,0.0
8.18,0.0
8.14,31.0
9.3,188.0
12.78,328.0
16.33,442.0
18.12,503.0
18.87,513.0
19.23,451.0
19.13,354.0
18.55,176.0
17.24,52.0
15.58,0.0
14.18,0.0
13.32,0.0
11.98,0.0
11.69,0.0
11.54,0.0
11.68,0.0
11.68,0.0
11.72,0.0
11.41,0.0
11.32,0.0
11.44,0.0
11.35,0.0
10.92,0.0
10.64,12.0
10.2,33.0
12.49,28.0
15.34,350.0
17.56,378.0
18.31,499.0
18.38,441.0
17.96,340.0
17.71,201.0
16.73,51.0
15.32,0.0
14.06,0.0
12.92,0.0
11.76,0.0
11.14,0.0
10.71,0.0
10.46,0.0
10.33,0.0
10.19,0.0
10.11,0.0
10.41,0.0
9.26,0.0
9.11,0.0
9.08,0.0
8.94,18.0
10.23,152.0
14.25,306.0
17.78,406.0
19.57,461.0
20.45,479.0
20.86,434.0
20.73,339.0
20.17,204.0
18.86,36.0
17.31,0.0
15.01,0.0
13.01,0.0
12.1,0.0
11.68,0.0
11.44,0.0
11.32,0.0
11.2,0.0
11.05,0.0
10.81,0.0
10.53,0.0
10.51,0.0
10.35,0.0
10.33,0.0
10.6,20.0
11.32,171.0
14.12,309.0
18.05,423.0
19.54,483.0
20.24,491.0
20.59,433.0
20.55,335.0
19.9,197.0
18.5,40.0
16.93,0.0
15.16,0.0
14.44,0.0
13.68,0.0
13.13,0.0
12.7,0.0
12.48,0.0
12.35,0.0
12.08,0.0
11.67,0.0
11.08,0.0
10.7,0.0
10.16,0.0
9.78,0.0
9.95,12.0
10.89,147.0
13.91,246.0
17.38,392.0
19.14,464.0
20.23,485.0
20.62,427.0
20.71,343.0
20.15,168.0
18.75,31.0
17.84,0.0
14.74,0.0
13.57,0.0
12.73,0.0
12.34,0.0
12.27,0.0
12.36,0.0
12.36,0.0
12.36,0.0
12.19,0.0
11.87,0.0
11.38,0.0
10.8,0.0
10.29,0.0
9.79,9.0
10.47,158.0
14.31,299.0
16.39,401.0
17.59,373.0
18.47,337.0
18.75,380.0
18.74,310.0
18.16,188.0
16.99,39.0
15.42,0.0
14.31,0.0
14.45,0.0
12.99,0.0
12.47,0.0
12.51,0.0
12.32,0.0
12.15,0.0
11.66,0.0
11.14,0.0
10.99,0.0
11.04,0.0
10.98,0.0
10.86,0.0
10.94,2.0
10.3,86.0
10.79,148.0
11.44,218.0
11.72,292.0
11.64,80.0
11.75,183.0
11.65,172.0
11.3,87.0
11.19,24.0
10.99,0.0
10.72,0.0
10.42,0.0
10.07,0.0
9.43,0.0
8.86,0.0
8.05,0.0
7.36,0.0
6.9,0.0
6.52,0.0
6.38,0.0
5.73,0.0
5.28,0.0
5.08,0.0
5.87,7.0
8.1,154.0
10.15,295.0
13.21,407.0
14.2,470.0
14.41,290.0
14.24,244.0
13.68,260.0
13.03,162.0
12.36,29.0
11.48,0.0
10.51,0.0
10.38,0.0
9.89,0.0
9.35,0.0
9.11,0.0
8.63,0.0
8.14,0.0
7.71,0.0
7.43,0.0
7.02,0.0
7.1,0.0
6.75,0.0
6.66,0.0
6.78,5.0
7.01,148.0
9.73,280.0
12.04,396.0
12.74,453.0
13.4,427.0
13.72,382.0
13.37,271.0
12.93,173.0
12.23,23.0
11.29,0.0
10.67,0.0
10.08,0.0
9.31,0.0
8.89,0.0
8.69,0.0
8.55,0.0
8.62,0.0
8.19,0.0
8.21,0.0
8.2,0.0
7.65,0.0
7.92,0.0
7.61,0.0
7.38,0.0
8.11,147.0
10.25,281.0
12.93,325.0
14.49,450.0
15.31,330.0
15.27,344.0
15.12,274.0
14.97,180.0
13.88,30.0
12.54,0.0
11.3,0.0
10.49,0.0
9.53,0.0
9.12,0.0
8.63,0.0
8.21,0.0
7.82,0.0
8.0,0.0
8.07,0.0
7.71,0.0
7.37,0.0
6.92,0.0
6.6,0.0
6.38,0.0
7.09,131.0
9.77,215.0
13.32,353.0
15.23,434.0
16.18,357.0
16.6,376.0
16.59,271.0
15.81,58.0
14.57,26.0
13.09,0.0
11.94,0.0
10.01,0.0
8.49,0.0
7.53,0.0
7.36,0.0
7.3,0.0
7.51,0.0
7.51,0.0
7.23,0.0
7.13,0.0
6.72,0.0
6.44,0.0
6.44,0.0
5.94,0.0
7.08,131.0
10.55,249.0
13.87,263.0
15.01,363.0
15.66,351.0
15.91,305.0
15.81,175.0
15.29,101.0
14.31,21.0
12.77,0.0
11.87,0.0
10.47,0.0
9.07,0.0
8.42,0.0
7.88,0.0
7.55,0.0
6.65,0.0
6.52,0.0
6.08,0.0
6.11,0.0
6.44,0.0
6.63,0.0
6.53,0.0
6.72,0.0
7.1,136.0
9.91,281.0
13.31,382.0
14.84,375.0
15.63,339.0
15.69,370.0
15.38,261.0
14.71,140.0
13.87,21.0
13.19,0.0
11.66,0.0
10.88,0.0
9.98,0.0
8.92,0.0
8.15,0.0
6.76,0.0
6.28,0.0
6.0,0.0
6.24,0.0
6.68,0.0
7.2,0.0
7.37,0.0
7.47,0.0
7.71,0.0
7.79,48.0
8.91,225.0
10.9,207.0
11.26,318.0
11.77,409.0
11.52,282.0
11.33,143.0
11.17,144.0
10.8,11.0
10.36,0.0
10.14,0.0
10.6,0.0
10.16,0.0
9.38,0.0
8.52,0.0
8.09,0.0
7.55,0.0
7.1,0.0
6.77,0.0
6.67,0.0
6.62,0.0
6.57,0.0
6.38,0.0
6.2,0.0
6.91,110.0
9.4,144.0
11.48,179.0
12.66,286.0
13.5,388.0
13.91,349.0
13.91,290.0
13.54,159.0
12.72,21.0
11.7,0.0
11.42,0.0
10.88,0.0
10.51,0.0
9.93,0.0
9.39,0.0
8.17,0.0
6.97,0.0
6.41,0.0
6.3,0.0
6.29,0.0
6.11,0.0
5.65,0.0
5.06,0.0
4.66,0.0
5.52,90.0
8.94,140.0
11.34,197.0
12.4,239.0
13.46,241.0
13.97,312.0
13.87,282.0
13.12,117.0
12.13,13.0
10.77,0.0
10.33,0.0
7.62,0.0
6.2,0.0
5.45,0.0
5.01,0.0
4.65,0.0
4.4,0.0
4.15,0.0
4.04,0.0
3.78,0.0
3.46,0.0
3.19,0.0
3.05,0.0
2.99,0.0
3.39,116.0
6.88,220.0
11.29,201.0
11.89,71.0
11.6,83.0
11.83,329.0
12.63,262.0
12.32,120.0
11.01,17.0
9.88,0.0
9.37,0.0
8.68,0.0
8.06,0.0
8.1,0.0
7.95,0.0
7.42,0.0
6.78,0.0
6.97,0.0
6.77,0.0
6.7,0.0
5.51,0.0
4.77,0.0
4.35,0.0
3.66,0.0
4.47,113.0
6.79,254.0
8.59,321.0
9.79,425.0
10.23,412.0
10.4,341.0
10.62,291.0
10.48,161.0
9.52,11.0
8.38,0.0
7.51,0.0
6.63,0.0
6.22,0.0
5.79,0.0
5.15,0.0
4.16,0.0
3.56,0.0
3.25,0.0
3.06,0.0
2.9,0.0
2.71,0.0
2.65,0.0
2.5,0.0
2.23,0.0
2.71,90.0
5.86,182.0
9.87,285.0
10.27,361.0
10.47,241.0
10.22,120.0
9.84,84.0
9.18,82.0
8.27,9.0
6.98,0.0
7.03,0.0
6.36,0.0
6.21,0.0
6.08,0.0
5.67,0.0
5.0,0.0
5.29,0.0
5.89,0.0
5.78,0.0
5.4,0.0
4.0,0.0
2.82,0.0
1.59,0.0
0.95,0.0
1.31,110.0
5.0,247.0
9.1,359.0
10.38,421.0
11.2,429.0
11.74,379.0
11.85,282.0
11.24,156.0
10.06,10.0
8.87,0.0
7.59,0.0
6.37,0.0
5.28,0.0
4.84,0.0
4.9,0.0
4.8,0.0
4.34,0.0
3.86,0.0
3.6,0.0
3.54,0.0
3.51,0.0
3.47,0.0
3.39,0.0
3.1,0.0
3.66,108.0
6.61,243.0
11.57,355.0
14.17,421.0
15.59,421.0
16.28,354.0
16.27,275.0
15.25,155.0
13.37,9.0
12.81,0.0
11.81,0.0
10.94,0.0
10.24,0.0
8.38,0.0
7.36,0.0
7.05,0.0
6.13,0.0
6.12,0.0
5.8,0.0
5.75,0.0
5.45,0.0
5.13,0.0
5.03,0.0
4.46,0.0
4.72,102.0
6.87,239.0
11.67,338.0
13.11,413.0
14.08,408.0
14.66,371.0
14.77,267.0
14.11,152.0
11.02,9.0
10.39,0.0
9.75,0.0
9.11,0.0
8.48,0.0
7.84,0.0
7.21,0.0
6.57,0.0
5.93,0.0
5.3,0.0
4.66,0.0
4.02,0.0
3.39,0.0
2.75,0.0
2.12,0.0
1.48,0.0
3.4,51.0
3.88,104.0
4.12,167.0
4.27,158.0
4.48,85.0
3.83,80.0
3.35,160.0
3.16,82.0
2.77,9.0
2.35,0.0
2.32,0.0
2.05,0.0
1.91,0.0
1.79,0.0
1.74,0.0
1.64,0.0
1.55,0.0
1.62,0.0
1.74,0.0
1.7,0.0
1.63,0.0
1.55,0.0
1.44,0.0
1.07,0.0
0.92,99.0
2.78,91.0
3.64,324.0
4.72,396.0
5.08,322.0
5.1,233.0
4.56,201.0
4.07,159.0
3.67,8.0
2.73,0.0
1.59,0.0
0.75,0.0
0.29,0.0
0.14,0.0
0.31,0.0
0.76,0.0
1.56,0.0
2.01,0.0
1.25,0.0
1.59,0.0
2.1,0.0
2.6,0.0
2.92,0.0
3.4,0.0
5.55,54.0
4.45,128.0
4.99,78.0
5.36,59.0
5.71,129.0
6.96,210.0
7.61,159.0
7.74,78.0
7.22,6.0
6.3,0.0
5.38,0.0
5.44,0.0
5.03,0.0
4.16,0.0
4.54,0.0
4.28,0.0
3.87,0.0
3.14,0.0
2.79,0.0
2.82,0.0
3.55,0.0
4.45,0.0
4.78,0.0
4.9,0.0
4.79,38.0
5.35,130.0
7.77,180.0
8.49,158.0
9.2,141.0
9.67,128.0
10.19,150.0
10.25,70.0
10.24,6.0
10.36,0.0
10.16,0.0
10.73,0.0
10.68,0.0
10.25,0.0
9.2,0.0
8.58,0.0
8.11,0.0
7.28,0.0
7.32,0.0
7.38,0.0
7.32,0.0
6.84,0.0
6.62,0.0
6.47,0.0
7.07,32.0
7.41,130.0
8.02,296.0
8.36,376.0
8.86,339.0
9.03,356.0
8.97,119.0
8.34,125.0
7.37,6.0
6.87,0.0
6.85,0.0
6.96,0.0
6.76,0.0
6.86,0.0
6.74,0.0
6.68,0.0
5.76,0.0
6.54,0.0
5.93,0.0
6.87,0.0
7.24,0.0
7.41,0.0
7.54,0.0
7.04,0.0
5.72,78.0
6.7,125.0
9.23,114.0
10.23,171.0
10.56,184.0
10.95,135.0
10.77,182.0
10.37,86.0
9.62,6.0
8.59,0.0
8.03,0.0
7.81,0.0
7.52,0.0
7.32,0.0
7.04,0.0
7.0,0.0
6.85,0.0
6.57,0.0
6.15,0.0
5.17,0.0
4.3,0.0
4.16,0.0
4.01,0.0
4.58,0.0
5.04,50.0
8.22,146.0
10.66,212.0
11.7,389.0
12.11,367.0
12.26,259.0
12.11,183.0
11.52,128.0
10.53,7.0
9.69,0.0
9.07,0.0
8.76,0.0
8.03,0.0
7.21,0.0
6.45,0.0
6.03,0.0
5.55,0.0
5.14,0.0
5.19,0.0
5.26,0.0
5.22,0.0
5.11,0.0
4.32,0.0
4.75,0.0
5.07,46.0
6.94,103.0
9.3,165.0
9.88,271.0
10.6,277.0
10.98,172.0
10.72,231.0
10.24,133.0
9.2,7.0
8.15,0.0
7.66,0.0
8.18,0.0
8.22,0.0
7.67,0.0
7.56,0.0
7.53,0.0
7.51,0.0
7.47,0.0
7.39,0.0
6.84,0.0
6.13,0.0
5.65,0.0
5.23,0.0
5.01,0.0
4.87,43.0
4.95,28.0
5.01,63.0
5.42,63.0
5.44,43.0
5.25,59.0
5.52,60.0
5.19,50.0
4.64,4.0
3.88,0.0
3.93,0.0
4.02,0.0
2.56,0.0
2.16,0.0
2.73,0.0
2.4,0.0
2.18,0.0
1.69,0.0
1.49,0.0
1.1,0.0
0.43,0.0
0.31,0.0
0.16,0.0
-0.79,0.0
-0.13,77.0
0.13,37.0
1.63,106.0
2.08,97.0
2.13,194.0
2.53,46.0
2.31,89.0
1.81,141.0
1.23,6.0
0.67,0.0
0.17,0.0
-0.13,0.0
-0.76,0.0
-1.03,0.0
-1.65,0.0
-1.46,0.0
-1.44,0.0
-1.75,0.0
-2.02,0.0
-2.06,0.0
-2.17,0.0
-2.36,0.0
-2.58,0.0
-1.75,0.0
-1.13,44.0
0.82,110.0
2.9,177.0
3.81,122.0
4.51,405.0
4.77,309.0
4.83,121.0
4.73,96.0
4.06,7.0
3.32,0.0
2.3,0.0
1.62,0.0
1.27,0.0
1.2,0.0
1.21,0.0
1.04,0.0
1.05,0.0
0.97,0.0
0.95,0.0
0.46,0.0
0.33,0.0
0.54,0.0
0.95,0.0
1.56,0.0
2.14,55.0
2.8,120.0
5.25,165.0
6.92,278.0
6.84,309.0
7.1,153.0
7.15,136.0
6.98,88.0
6.58,7.0
4.94,0.0
4.09,0.0
4.16,0.0
3.25,0.0
3.23,0.0
3.05,0.0
2.89,0.0
2.57,0.0
2.0,0.0
1.24,0.0
1.22,0.0
0.49,0.0
0.12,0.0
0.12,0.0
0.36,0.0
0.59,39.0
4.61,103.0
7.45,138.0
8.78,58.0
8.87,67.0
6.47,93.0
6.24,52.0
5.62,46.0
5.14,6.0
6.01,0.0
6.03,0.0
3.72,0.0
3.32,0.0
3.24,0.0
2.95,0.0
2.73,0.0
2.34,0.0
2.82,0.0
2.78,0.0
2.73,0.0
2.46,0.0
2.26,0.0
2.26,0.0
1.96,0.0
1.88,42.0
2.23,121.0
2.8,218.0
3.13,282.0
3.54,243.0
3.66,221.0
3.67,176.0
3.15,113.0
2.67,6.0
2.34,0.0
1.92,0.0
1.7,0.0
1.47,0.0
1.26,0.0
1.25,0.0
1.02,0.0
0.47,0.0
0.37,0.0
0.01,0.0
-0.19,0.0
-0.17,0.0
0.0,0.0
-0.04,0.0
0.58,0.0
1.28,71.0
1.55,181.0
2.66,330.0
3.63,384.0
4.45,366.0
4.37,360.0
4.23,164.0
4.05,73.0
3.7,3.0
3.15,0.0
2.62,0.0
2.69,0.0
2.58,0.0
2.3,0.0
1.98,0.0
1.83,0.0
2.12,0.0
1.79,0.0
1.72,0.0
1.84,0.0
1.98,0.0
1.13,0.0
1.15,0.0
1.09,0.0
1.21,42.0
2.18,68.0
2.59,98.0
3.22,77.0
3.48,61.0
4.02,66.0
4.41,66.0
4.3,63.0
4.0,6.0
3.68,0.0
3.46,0.0
3.45,0.0
3.39,0.0
3.24,0.0
3.27,0.0
3.21,0.0
3.05,0.0
3.5,0.0
3.38,0.0
3.41,0.0
3.51,0.0
3.69,0.0
3.8,0.0
3.72,0.0
3.38,48.0
4.34,130.0
6.12,243.0
6.85,264.0
7.41,154.0
7.4,175.0
7.35,99.0
7.02,83.0
6.47,6.0
5.96,0.0
4.89,0.0
4.91,0.0
5.07,0.0
4.87,0.0
5.24,0.0
5.03,0.0
4.62,0.0
4.09,0.0
3.8,0.0
3.64,0.0
2.52,0.0
0.91,0.0
-0.34,0.0
-0.94,0.0
-0.94,62.0
2.85,170.0
5.47,197.0
6.46,215.0
6.52,193.0
6.43,159.0
6.18,80.0
5.97,68.0
5.57,7.0
4.79,0.0
4.47,0.0
4.3,0.0
3.94,0.0
3.88,0.0
3.9,0.0
3.69,0.0
3.79,0.0
3.72,0.0
3.55,0.0
3.7,0.0
3.28,0.0
3.19,0.0
3.36,0.0
4.07,0.0
4.36,29.0
5.6,118.0
6.48,110.0
7.58,194.0
8.05,223.0
8.53,163.0
8.59,182.0
8.18,106.0
7.9,7.0
6.88,0.0
6.38,0.0
6.42,0.0
6.28,0.0
6.26,0.0
5.63,0.0
5.13,0.0
4.18,0.0
2.87,0.0
1.75,0.0
0.98,0.0
0.86,0.0
0.81,0.0
1.18,0.0
1.71,0.0
1.68,62.0
4.15,195.0
7.15,292.0
8.93,357.0
9.65,358.0
9.9,325.0
9.68,166.0
9.14,100.0
8.33,9.0
6.75,0.0
6.72,0.0
5.58,0.0
5.03,0.0
4.5,0.0
3.85,0.0
3.49,0.0
3.09,0.0
2.36,0.0
1.61,0.0
1.08,0.0
0.31,0.0
0.14,0.0
-0.06,0.0
3.67,0.0
3.27,52.0
4.25,195.0
7.77,312.0
9.19,383.0
9.75,401.0
10.08,366.0
10.06,281.0
9.55,151.0
8.36,9.0
7.28,0.0
6.18,0.0
5.97,0.0
5.29,0.0
4.89,0.0
5.0,0.0
5.87,0.0
7.39,0.0
7.77,0.0
7.21,0.0
6.18,0.0
4.72,0.0
3.06,0.0
1.63,0.0
-0.17,0.0
-0.16,65.0
2.05,206.0
5.81,307.0
9.94,400.0
12.11,405.0
12.89,375.0
12.75,273.0
12.05,149.0
10.27,10.0
7.93,0.0
5.92,0.0
2.57,0.0
1.57,0.0
1.31,0.0
1.25,0.0
1.14,0.0
1.01,0.0
0.82,0.0
0.44,0.0
0.18,0.0
-0.21,0.0
-0.44,0.0
-0.58,0.0
-0.89,0.0
-0.76,62.0
1.5,201.0
5.73,321.0
8.99,395.0
10.82,409.0
11.09,375.0
10.82,289.0
10.33,157.0
8.57,10.0
6.34,0.0
4.95,0.0
4.24,0.0
2.99,0.0
1.44,0.0
0.58,0.0
0.14,0.0
0.13,0.0
-0.27,0.0
-0.25,0.0
-0.22,0.0
-0.23,0.0
-0.59,0.0
-0.81,0.0
-0.98,0.0
-0.49,58.0
1.4,198.0
5.37,312.0
8.72,385.0
10.21,402.0
10.67,367.0
10.73,281.0
10.2,155.0
9.02,10.0
6.17,0.0
5.29,0.0
3.64,0.0
1.8,0.0
0.56,0.0
-0.3,0.0
-0.42,0.0
-0.19,0.0
-0.13,0.0
-0.25,0.0
-0.55,0.0
-0.7,0.0
-0.62,0.0
-0.67,0.0
-1.02,0.0
-1.39,58.0
0.53,194.0
4.48,293.0
6.52,213.0
6.9,263.0
5.95,165.0
6.0,142.0
6.0,126.0
4.73,16.0
3.12,0.0
2.45,0.0
1.29,0.0
0.39,0.0
-0.02,0.0
-0.03,0.0
0.13,0.0
-0.27,0.0
-0.32,0.0
-0.89,0.0
-1.27,0.0
-1.2,0.0
-1.31,0.0
-0.88,0.0
-1.36,0.0
-1.13,31.0
0.04,111.0
0.85,74.0
1.2,39.0
1.18,74.0
1.85,172.0
1.53,52.0
1.02,163.0
0.74,11.0
0.2,0.0
0.13,0.0
0.25,0.0
0.17,0.0
0.31,0.0
0.48,0.0
0.58,0.0
0.85,0.0
0.7,0.0
0.45,0.0
-0.05,0.0
-0.45,0.0
-0.74,0.0
-1.13,0.0
-1.8,0.0
-2.13,38.0
0.37,97.0
4.55,219.0
6.15,319.0
6.9,395.0
7.65,364.0
7.73,277.0
7.3,157.0
6.23,20.0
4.53,0.0
3.75,0.0
1.69,0.0
0.36,0.0
-0.23,0.0
-0.41,0.0
-0.59,0.0
-0.75,0.0
-0.81,0.0
-1.7,0.0
-1.87,0.0
-1.67,0.0
-1.99,0.0
-2.09,0.0
-0.92,0.0
-0.42,55.0
1.81,191.0
4.7,306.0
6.52,380.0
8.35,393.0
8.98,364.0
8.82,283.0
8.22,158.0
7.2,24.0
6.0,0.0
4.5,0.0
3.23,0.0
2.34,0.0
2.05,0.0
2.25,0.0
1.97,0.0
1.85,0.0
1.75,0.0
1.86,0.0
1.22,0.0
1.09,0.0
1.1,0.0
1.28,0.0
2.09,0.0
2.57,30.0
3.92,48.0
5.32,58.0
7.86,61.0
9.15,57.0
9.46,125.0
9.37,104.0
8.68,73.0
7.79,13.0
6.16,0.0
4.58,0.0
3.01,0.0
2.19,0.0
2.52,0.0
1.51,0.0
1.75,0.0
1.37,0.0
1.25,0.0
1.31,0.0
1.64,0.0
2.13,0.0
2.37,0.0
3.73,0.0
2.06,0.0
1.92,37.0
4.97,111.0
8.52,239.0
10.61,374.0
11.78,392.0
12.68,329.0
13.08,204.0
12.6,142.0
11.38,21.0
9.7,0.0
8.25,0.0
7.73,0.0
6.91,0.0
6.48,0.0
6.0,0.0
5.75,0.0
5.64,0.0
5.44,0.0
5.35,0.0
4.94,0.0
4.61,0.0
3.48,0.0
3.27,0.0
2.99,0.0
2.85,45.0
4.86,192.0
9.35,284.0
12.13,372.0
13.5,342.0
14.12,352.0
14.11,241.0
13.41,117.0
10.93,24.0
9.83,0.0
8.72,0.0
7.61,0.0
6.5,0.0
5.4,0.0
4.29,0.0
3.18,0.0