0.10000
0.11028
0.12114
0.13261
0.14472
0.15750
0.17099
0.18522
0.20022
0.21603
0.23268
0.25021
0.26865
0.28803
0.30839
0.32976
0.35217
0.37565
0.40021
0.42588
0.45267
0.48058
0.50962
0.53977
0.57101
0.60331
0.63662
0.67088
0.70602
0.74196
0.77857
0.81575
0.85336
0.89125
0.92924
0.96718
1.00488
1.04215
1.07882
1.11470
1.14961
1.18340
1.21592
1.24703
1.27663
1.30462
1.33095
1.35556
1.37844
1.39956
1.41897
1.43667
1.45272
1.46717
1.48008
1.49154
1.50160
1.51036
1.51789
1.52426
1.52957
1.53387
1.53725
1.53978
1.54152
1.54253
1.54286
1.54258
1.54173
1.54035
1.53849
1.53619
1.53348
1.53039
1.52696
1.52320
1.51914
1.51480
1.51021
1.50537
1.50031
1.49503
1.48956
1.48390
1.47806
1.47205
1.46587
1.45955
1.45307
1.44645
1.43969
1.43279
1.42576
1.41860
1.41131
1.40389
1.39635
1.38868
1.38089
1.37297
1.36493
1.35676
1.34846
1.34004
1.33148
1.32280
1.31397
1.30501
1.29591
1.28666
1.27727
1.26772
1.25802
1.24815
1.23812
1.22792
1.21754
1.20698
1.19622
1.18527
1.17411
1.16274
1.15115
1.13932
1.12725
1.11493
1.10235
1.08949
1.07634
1.06288
1.04911
1.03500
1.02053
1.00570
0.99048
0.97484
0.95876
0.94222
0.92520
0.90765
0.88955
0.87087
0.85156
0.83159
0.81092
0.78948
0.76724
0.74413
0.72009
0.69506
0.66896
0.64171
0.61322
0.58339
0.55213
0.51930
0.48480
0.44848
0.41020
0.36979
0.32709
0.28190
0.23403
0.18328
0.12942
0.07224
0.01151
-0.05298
-0.12143
-0.19400
-0.27081
-0.35192
-0.43727
-0.52672
-0.61993
-0.71644
-0.81554
-0.91636
-1.01781
-1.11865
-1.21755
-1.31313
-1.40411
-1.48936
-1.56797
-1.63933
-1.70315
-1.75939
-1.80829
-1.85025
-1.88582
-1.91562
-1.94030
-1.96049
-1.97680
-1.98978
-1.99992
-2.00767
-2.01341
-2.01746
-2.02010
-2.02156
-2.02204
-2.02171
-2.02070
-2.01912
-2.01708
-2.01464
-2.01188
-2.00885
-2.00559
-2.00213
-1.99852
-1.99477
-1.99090
-1.98693
-1.98288
-1.97876
-1.97457
-1.97032
-1.96603
-1.96169
-1.95731
-1.95290
-1.94845
-1.94397
-1.93947
-1.93494
-1.93038
-1.92579
-1.92119
-1.91656
-1.91191
-1.90723
-1.90254
-1.89782
-1.89308
-1.88833
-1.88355
-1.87874
-1.87392
-1.86908
-1.86421
-1.85933
-1.85442
-1.84949
-1.84454
-1.83956
-1.83456
-1.82954
-1.82450
-1.81943
-1.81434
-1.80923
-1.80409
-1.79893
-1.79374
-1.78852
-1.78328
-1.77802
-1.77272
-1.76740
-1.76206
-1.75668
-1.75128
-1.74585
-1.74039
-1.73490
-1.72938
-1.72382
-1.71824
-1.71263
-1.70698
-1.70130
-1.69559
-1.68985
-1.68407
-1.67825
-1.67240
-1.66652
-1.66059
-1.65463
-1.64863
-1.64259
-1.63652
-1.63040
-1.62424
-1.61804
-1.61179
-1.60550
-1.59917
-1.59279
-1.58636
-1.57989
-1.57336
-1.56679
-1.56017
-1.55349
-1.54677
-1.53998
-1.53315
-1.52625
-1.51930
-1.51229
-1.50521
-1.49808
-1.49088
-1.48361
-1.47628
-1.46887
-1.46140
-1.45385
-1.44623
-1.43853
-1.43076
-1.42290
-1.41496
-1.40693
-1.39881
-1.39061
-1.38231
-1.37391
-1.36541
-1.35681
-1.34811
-1.33929
-1.33036
-1.32132
-1.31215
-1.30286
-1.29344
-1.28388
-1.27419
-1.26435
-1.25436
-1.24421
-1.23391
-1.22344
-1.21279
-1.20196
-1.19094
-1.17972
-1.16830
-1.15667
-1.14480
-1.13271
-1.12037
-1.10777
-1.09490
-1.08175
-1.06830
-1.05455
-1.04046
-1.02603
-1.01123
-0.99605
-0.98046
-0.96445
-0.94798
-0.93103
-0.91358
-0.89558
-0.87700
-0.85782
-0.83798
-0.81745
-0.79618
-0.77411
-0.75119
-0.72736
-0.70256
-0.67670
-0.64972
-0.62152
-0.59201
-0.56109
-0.52865
-0.49456
-0.45869
-0.42089
-0.38100
-0.33887
-0.29430
-0.24710
-0.19707
-0.14399
-0.08763
-0.02779
0.03577
0.10323
0.17479
0.25057
0.33064
0.41498
0.50347
0.59584
0.69163
0.79022
0.89077
0.99224
1.09343
1.19302
1.28963
1.38195
1.46878
1.54918
1.62245
1.68821
1.74637
1.79709
1.84076
1.87788
1.90908
1.93498
1.95624
1.97346
1.98722
1.99803
2.00634
2.01255
2.01699
2.01995
2.02168
2.02239
2.02224
2.02139
2.01994
2.01801
2.01566
2.01298
2.01000
2.00680
2.00339
1.99981
1.99609
1.99225
1.98831
1.98428
1.98017
1.97600
1.97177
1.96749
1.96316
1.95879
1.95439
1.94995
1.94548
1.94098
1.93646
1.93191
1.92733
1.92273
1.91811
1.91347
1.90880
1.90411
1.89940
1.89467
1.88992
1.88515
1.88035
1.87554
1.87070
1.86584
1.86096
1.85606
1.85114
1.84619
1.84123
1.83624
1.83123
1.82619
1.82113
1.81605
1.81094
1.80581
1.80065
1.79547
1.79027
1.78504
1.77978
1.77450
1.76919
1.76385
1.75848
1.75309
1.74767
1.74221
1.73673
1.73122
1.72568
1.72011
1.71451
1.70887
1.70321
1.69751
1.69177
1.68600
1.68020
1.67436
1.66849
1.66258
1.65663
1.65064
1.64462
1.63855
1.63245
1.62630
1.62011
1.61388
1.60761
1.60129
1.59492
1.58851
1.58206
1.57555
1.56899
1.56239
1.55573
1.54902
1.54226
1.53544
1.52856
1.52163
1.51464
1.50758
1.50047
1.49329
1.48604
1.47873
1.47135
1.46391
1.45638
1.44879
1.44112
1.43337
1.42553
1.41762
1.40962
1.40154
1.39336
1.38509
1.37673
1.36826
1.35970
1.35103
1.34225
1.33336
1.32435
1.31523
1.30598
1.29660
1.28709
1.27744
1.26765
1.25771
1.24762
1.23737
1.22696
1.21637
1.20560
1.19464
1.18349
1.17214
1.16058
1.14879
1.13678
1.12452
1.11201
1.09923
1.08618
1.07283
1.05918
1.04520
1.03089
1.01622
1.00117
0.98572
0.96985
0.95354
0.93675
0.91947
0.90166
0.88328
0.86430
0.84469
0.82439
0.80337
0.78157
0.75895
0.73543
0.71096
0.68546
0.65887
0.63109
0.60203
0.57159
0.53967
0.50614
0.47088
0.43374
0.39457
0.35321
0.30948
0.26318
0.21412
0.16208
0.10684
0.04819
-0.01410
-0.08024
-0.15041
-0.22477
-0.30340
-0.38633
-0.47345
-0.56456
-0.65927
-0.75701
-0.85701
-0.95830
-1.05973
-1.16000
-1.25776
-1.35165
-1.44044
-1.52308
-1.59879
-1.66708
-1.72777
-1.78095
-1.82692
-1.86617
-1.89927
-1.92687
-1.94961
-1.96812
-1.98298
-1.99472
-2.00382
-2.01068
-2.01568
-2.01911
-2.02123
-2.02226
-2.02238
-2.02174
-2.02048
-2.01870
-2.01649
-2.01391
-2.01103
-2.00789
-2.00455
-2.00102
-1.99735
-1.99355
-1.98964
-1.98563
-1.98155
-1.97740
-1.97319
-1.96892
-1.96461
-1.96026
-1.95586
-1.95144
-1.94698
-1.94249
-1.93797
-1.93343
-1.92886
-1.92427
-1.91966
-1.91502
-1.91036
-1.90568
-1.90098
-1.89625
-1.89151
-1.88674
-1.88196
-1.87715
-1.87232
-1.86747
-1.86260
-1.85770
-1.85279
-1.84785
-1.84289
-1.83791
-1.83290
-1.82787
-1.82282
-1.81775
-1.81265
-1.80753
-1.80238
-1.79721
-1.79201
-1.78679
-1.78154
-1.77626
-1.77096
-1.76563
-1.76028
-1.75489
-1.74948
-1.74404
-1.73857
-1.73307
-1.72754
-1.72198
-1.71638
-1.71076
-1.70510
-1.69941
-1.69369
-1.68794
-1.68214
-1.67632
-1.67046
-1.66456
-1.65862
-1.65265
-1.64663
-1.64058
-1.63449
-1.62836
-1.62219
-1.61597
-1.60971
-1.60341
-1.59706
-1.59066
-1.58422
-1.57773
-1.57119
-1.56460
-1.55796
-1.55127
-1.54452
-1.53772
-1.53087
-1.52395
-1.51698
-1.50995
-1.50285
-1.49569
-1.48847
-1.48118
-1.47383
-1.46640
-1.45891
-1.45133
-1.44369
-1.43596
-1.42816
-1.42028
-1.41231
-1.40425
-1.39610
-1.38787
-1.37953
-1.37110
-1.36257
-1.35394
-1.34520
-1.33634
-1.32738
-1.31829
-1.30908
-1.29975
-1.29028
-1.28068
-1.27094
-1.26105
-1.25101
-1.24082
-1.23045
-1.21992
-1.20922
-1.19833
-1.18724
-1.17596
-1.16447
-1.15276
-1.14082
-1.12864
-1.11622
-1.10353
-1.09057
-1.07733
-1.06378
-1.04991
-1.03571
-1.02116
-1.00624
-0.99093
-0.97520
-0.95904
-0.94242
-0.92530
-0.90767
-0.88948
-0.87071
-0.85131
-0.83125
-0.81048
-0.78895
-0.76660
-0.74339
-0.71925
-0.69410
-0.66788
-0.64051
-0.61189
-0.58192
-0.55051
-0.51753
-0.48287
-0.44637
-0.40790
-0.36729
-0.32437
-0.27895
-0.23083
-0.17981
-0.12567
-0.06818
-0.00713
0.05770
0.12651
0.19945
0.27665
0.35814
0.44388
0.53369
0.62725
0.72405
0.82340
0.92438
1.02590
1.12671
1.22546
1.32079
1.41141
1.49620
1.57430
1.64510
1.70833
1.76400
1.81233
1.85377
1.88886
1.91822
1.94251
1.96237
1.97838
1.99111
2.00104
2.00861
2.01420
2.01812
2.02065
2.02202
2.02243
2.02203
2.02097
2.01935
2.01727
2.01481
2.01202
2.00897
2.00569
2.00222
1.99859
1.99483
1.99096
1.98698
1.98292
1.97879
1.97460
1.97035
1.96606
1.96172
1.95734
1.95292
1.94847
1.94399
1.93949
1.93495
1.93039
1.92581
1.92120
1.91657
1.91192
1.90725
1.90255
1.89783
1.89310
1.88834
1.88356
1.87876
1.87394
1.86909
1.86423
1.85934
1.85443
1.84950
1.84455
1.83958
1.83458
1.82956
1.82451
1.81945
1.81436
1.80924
1.80410
1.79894
1.79375
1.78854
1.78330
1.77803
1.77274
1.76742
1.76207
1.75670
1.75129
1.74586
1.74040
1.73491
1.72939
1.72384
1.71826
1.71264
1.70700
1.70132
1.69561
1.68986
1.68408
1.67827
1.67242
1.66653
1.66061
1.65465
1.64865
1.64261
1.63653
1.63041
1.62425
1.61805
1.61181
1.60552
1.59918
1.59280
1.58638
1.57990
1.57338
1.56681
1.56019
1.55351
1.54678
1.54000
1.53316
1.52627
1.51932
1.51230
1.50523
1.49809
1.49089
1.48363
1.47629
1.46889
1.46142
1.45387
1.44625
1.43855
1.43078
1.42292
1.41498
1.40695
1.39884
1.39063
1.38233
1.37393
1.36543
1.35683
1.34813
1.33931
1.33039
1.32134
1.31217
1.30288
1.29346
1.28391
1.27421
1.26437
1.25438
1.24424
1.23394
1.22346
1.21282
1.20199
1.19097
1.17975
1.16833
1.15670
1.14483
1.13274
1.12040
1.10780
1.09493
1.08179
1.06834
1.05458
1.04049
1.02606
1.01127
0.99609
0.98050
0.96449
0.94802
0.93108
0.91362
0.89562
0.87705
0.85787
0.83803
0.81750
0.79623
0.77416
0.75125
0.72742
0.70262
0.67677
0.64979
0.62159
0.59209
0.56117
0.52873
0.49465
0.45878
0.42098
0.38111
0.33898
0.29442
0.24722
0.19720
0.14412
0.08778
0.02794
-0.03560
-0.10306
-0.17460
-0.25037
-0.33043
-0.41477
-0.50325
-0.59560
-0.69138
-0.78997
-0.89051
-0.99199
-1.09318
-1.19277
-1.28939
-1.38172
-1.46857
-1.54899
-1.62227
-1.68805
-1.74623
-1.79697
-1.84066
-1.87780
-1.90900
-1.93492
-1.95619
-1.97342
-1.98719
-1.99801
-2.00632
-2.01253
-2.01698
-2.01994
-2.02168
-2.02239
-2.02224
-2.02139
-2.01995
-2.01801
-2.01567
-2.01298
-2.01001
-2.00680
-2.00340
-1.99982
-1.99610
-1.99226
-1.98832
